22 42 1
92 45 1
107 490 1
114 37 1
2 302 2
3 419 2
6 434 2
7 191 2
9 138 2
13 398 2
24 128 2
24 468 2
25 114 2
25 446 2
26 264 2
28 161 2
34 346 2
35 201 2
35 286 2
35 415 2
36 261 2
36 375 2
37 182 2
38 425 2
42 489 2
48 147 2
51 100 2
53 255 2
53 450 2
56 226 2
58 127 2
72 209 2
72 403 2
74 288 2
78 143 2
78 391 2
79 256 2
87 307 2
93 428 2
95 111 2
95 224 2
97 402 2
105 323 2
107 261 2
108 193 2
111 84 2
114 306 2
116 396 2
117 128 2
117 211 2
118 289 2
121 237 2
122 105 2
124 436 2
132 402 2
138 321 2
141 408 2
144 257 2
146 285 2
146 482 2
150 346 2
153 454 2
155 39 2
156 169 2
156 266 2
159 403 2
161 239 2
162 483 2
165 224 2
167 297 2
167 375 2
169 32 2
170 398 2
173 206 2
178 278 2
182 380 2
185 451 2
189 436 2
191 301 2
191 407 2
195 331 2
200 353 2
203 229 2
204 161 2
207 112 2
209 185 2
209 417 2
212 379 2
213 202 2
223 222 2
227 172 2
234 156 2
234 298 2
234 356 2
235 198 2
237 442 2
238 51 2
238 484 2
240 326 2
241 226 2
242 392 2
250 468 2
253 419 2
254 212 2
258 364 2
259 46 2
261 152 2
263 391 2
268 104 2
284 479 2
285 359 2
286 399 2
289 106 2
289 461 2
301 291 2
304 484 2
305 464 2
309 146 2
310 404 2
313 443 2
320 186 2
320 268 2
321 55 2
321 212 2
326 99 2
332 426 2
333 125 2
338 470 2
340 488 2
350 279 2
352 350 2
356 88 2
356 160 2
360 52 2
370 116 2
371 315 2
375 290 2
380 276 2
385 137 2
387 110 2
389 154 2
390 239 2
396 211 2
397 86 2
397 286 2
402 172 2
403 130 2
403 319 2
412 250 2
414 87 2
414 357 2
415 463 2
416 203 2
417 279 2
418 337 2
422 127 2
423 177 2
430 371 2
432 367 2
432 368 2
434 107 2
440 241 2
442 298 2
443 323 2
444 199 2
447 255 2
449 73 2
450 153 2
456 359 2
457 320 2
457 476 2
459 278 2
466 42 2
468 177 2
473 215 2
473 310 2
474 3 2
477 74 2
477 118 2
478 335 2
480 32 2
480 251 2
482 235 2
485 91 2
488 354 2
489 182 2
489 221 2
490 109 2
490 138 2
490 251 2
491 159 2
5 336 3
17 69 3
18 426 3
19 12 3
20 323 3
41 320 3
45 394 3
84 340 3
116 66 3
218 39 3
238 119 3
283 262 3
313 19 3
361 22 3
370 196 3
381 421 3
397 477 3
