3 21 1
3 116 1
4 35 1
4 243 1
8 90 1
13 172 1
14 157 1
16 26 1
16 78 1
17 119 1
27 38 1
28 129 1
28 290 1
30 110 1
33 89 1
36 301 1
37 127 1
39 44 1
42 67 1
42 108 1
50 119 1
52 149 1
55 35 1
56 131 1
57 60 1
63 258 1
65 51 1
66 106 1
67 86 1
67 128 1
68 2 1
69 140 1
69 285 1
69 453 1
71 33 1
71 70 1
74 48 1
74 93 1
75 155 1
76 146 1
80 173 1
84 97 1
86 130 1
86 153 1
87 140 1
88 7 1
88 66 1
88 82 1
90 48 1
90 164 1
90 205 1
94 112 1
94 259 1
95 33 1
95 185 1
97 102 1
100 91 1
102 299 1
103 210 1
104 15 1
105 141 1
105 352 1
106 447 1
107 196 1
111 108 1
112 57 1
116 17 1
117 83 1
117 232 1
118 156 1
118 305 1
119 32 1
120 212 1
120 255 1
121 47 1
121 243 1
122 200 1
123 99 1
123 351 1
126 82 1
129 105 1
130 169 1
134 268 1
137 2 1
138 37 1
141 176 1
143 89 1
145 14 1
147 105 1
149 196 1
151 38 1
151 257 1
152 115 1
152 412 1
154 95 1
155 229 1
157 185 1
160 261 1
161 43 1
161 117 1
166 212 1
169 202 1
171 100 1
171 111 1
171 273 1
171 472 1
173 86 1
177 28 1
177 218 1
178 47 1
178 368 1
178 481 1
179 126 1
182 190 1
182 277 1
183 16 1
184 92 1
186 80 1
186 104 1
186 224 1
190 136 1
195 44 1
195 85 1
195 434 1
197 114 1
198 23 1
198 76 1
200 5 1
200 65 1
205 349 1
206 105 1
206 272 1
207 86 1
207 261 1
208 119 1
208 149 1
211 35 1
211 217 1
213 407 1
215 19 1
215 91 1
218 80 1
220 130 1
224 40 1
224 95 1
224 119 1
225 16 1
226 280 1
229 229 1
230 270 1
231 165 1
232 107 1
234 2 1
234 130 1
235 31 1
235 283 1
236 20 1
236 64 1
237 241 1
238 393 1
241 157 1
242 51 1
244 38 1
245 94 1
245 279 1
246 248 1
247 2 1
248 103 1
250 61 1
250 287 1
251 163 1
253 191 1
253 309 1
256 178 1
258 30 1
259 287 1
260 101 1
260 116 1
261 46 1
261 56 1
261 71 1
263 262 1
263 340 1
265 137 1
265 249 1
267 184 1
269 87 1
269 124 1
272 32 1
273 346 1
274 152 1
276 41 1
276 193 1
276 299 1
277 6 1
278 142 1
278 209 1
279 116 1
279 362 1
280 22 1
281 60 1
281 183 1
281 261 1
283 202 1
283 312 1
284 130 1
284 433 1
286 71 1
287 84 1
288 8 1
288 155 1
290 361 1
291 27 1
292 192 1
295 114 1
295 209 1
296 140 1
298 74 1
303 163 1
303 217 1
303 352 1
304 89 1
304 150 1
304 181 1
305 130 1
305 312 1
308 199 1
309 323 1
310 3 1
310 80 1
312 187 1
312 242 1
313 107 1
314 290 1
315 48 1
315 174 1
316 220 1
318 152 1
318 161 1
319 137 1
319 448 1
320 92 1
320 206 1
320 316 1
321 64 1
323 426 1
324 249 1
325 78 1
325 164 1
325 193 1
325 332 1
326 7 1
326 180 1
330 41 1
330 102 1
331 158 1
334 17 1
334 337 1
336 240 1
337 78 1
338 225 1
339 168 1
340 191 1
342 345 1
343 9 1
345 91 1
345 392 1
347 271 1
348 218 1
349 51 1
352 22 1
352 63 1
352 300 1
353 229 1
354 410 1
355 255 1
356 393 1
357 169 1
357 419 1
358 73 1
358 245 1
358 360 1
359 267 1
360 10 1
360 91 1
360 376 1
361 445 1
362 180 1
365 63 1
365 238 1
366 85 1
366 367 1
366 431 1
367 24 1
367 209 1
368 99 1
369 172 1
369 196 1
369 391 1
370 122 1
371 75 1
371 317 1
373 189 1
373 198 1
373 245 1
373 476 1
374 57 1
376 328 1
377 104 1
379 462 1
381 275 1
381 422 1
382 254 1
383 368 1
385 89 1
386 113 1
386 322 1
387 65 1
387 172 1
387 183 1
387 220 1
387 408 1
388 335 1
392 303 1
394 97 1
395 254 1
397 10 1
398 430 1
399 224 1
400 60 1
400 179 1
400 198 1
400 410 1
401 3 1
402 245 1
403 90 1
403 263 1
403 326 1
403 382 1
405 298 1
406 392 1
409 122 1
409 423 1
410 98 1
410 492 1
411 32 1
411 229 1
412 185 1
412 249 1
413 205 1
414 3 1
414 313 1
415 62 1
415 398 1
416 47 1
416 266 1
416 331 1
418 434 1
421 152 1
421 233 1
421 255 1
423 94 1
423 105 1
424 33 1
424 390 1
425 55 1
429 242 1
429 287 1
429 400 1
430 11 1
431 137 1
431 192 1
431 356 1
432 40 1
432 269 1
435 475 1
436 113 1
436 231 1
437 30 1
437 100 1
437 411 1
438 19 1
438 50 1
438 255 1
439 65 1
439 425 1
440 83 1
440 140 1
440 213 1
441 301 1
442 30 1
443 456 1
445 109 1
449 57 1
449 69 1
450 89 1
450 203 1
450 250 1
450 329 1
451 2 1
451 230 1
451 305 1
451 417 1
452 260 1
452 273 1
452 433 1
454 18 1
454 465 1
455 142 1
455 317 1
456 28 1
456 186 1
456 294 1
457 159 1
459 63 1
459 79 1
460 290 1
460 353 1
462 35 1
463 175 1
464 260 1
464 340 1
464 376 1
465 145 1
466 24 1
466 202 1
466 322 1
466 455 1
467 14 1
467 101 1
467 113 1
468 223 1
469 129 1
470 303 1
471 37 1
471 365 1
474 5 1
474 82 1
474 346 1
475 194 1
476 138 1
478 56 1
479 68 1
479 181 1
480 114 1
480 381 1
481 11 1
481 105 1
482 38 1
482 359 1
483 294 1
485 484 1
486 124 1
487 58 1
488 371 1
490 23 1
490 189 1
490 258 1
490 469 1
491 270 1
20 191 2
24 219 2
40 175 2
40 279 2
43 343 2
50 209 2
54 190 2
62 425 2
70 322 2
78 272 2
87 427 2
87 483 2
111 270 2
116 401 2
123 371 2
131 483 2
136 443 2
143 240 2
178 339 2
182 457 2
186 245 2
187 291 2
191 344 2
195 363 2
205 318 2
217 438 2
226 354 2
268 411 2
278 398 2
292 467 2
298 443 2
308 401 2
328 378 2
340 474 2
388 486 2
398 455 2
1 439 3
6 274 3
12 363 3
12 380 3
12 480 3
15 452 3
21 261 3
31 386 3
31 442 3
37 470 3
38 401 3
50 445 3
52 468 3
60 275 3
64 490 3
67 237 3
81 410 3
87 362 3
92 306 3
95 328 3
108 76 3
113 182 3
122 196 3
133 202 3
133 461 3
145 334 3
147 208 3
148 460 3
153 141 3
157 492 3
158 321 3
166 395 3
170 350 3
175 61 3
176 322 3
180 354 3
181 157 3
190 267 3
198 142 3
201 33 3
201 219 3
205 482 3
206 304 3
208 78 3
208 169 3
213 62 3
219 265 3
220 303 3
221 306 3
223 188 3
223 426 3
224 486 3
225 247 3
228 333 3
229 418 3
232 384 3
236 373 3
238 184 3
240 217 3
243 176 3
256 368 3
257 402 3
259 351 3
260 386 3
262 297 3
267 476 3
269 355 3
275 382 3
281 331 3
290 307 3
295 230 3
297 268 3
298 250 3
301 22 3
301 361 3
307 118 3
308 467 3
310 26 3
320 351 3
325 113 3
327 126 3
332 458 3
333 272 3
338 302 3
339 355 3
345 112 3
346 490 3
347 310 3
348 454 3
353 125 3
388 383 3
394 313 3
406 136 3
407 341 3
418 455 3
419 474 3
423 343 3
424 76 3
427 206 3
429 432 3
429 460 3
433 211 3
433 338 3
442 443 3
453 375 3
460 486 3
480 161 3
483 93 3
