105 329 1
107 363 1
132 138 1
437 30 1
1 200 2
2 303 2
2 445 2
3 236 2
4 187 2
11 437 2
17 464 2
24 480 2
33 148 2
38 488 2
41 193 2
43 173 2
46 98 2
46 145 2
51 475 2
52 259 2
54 124 2
57 275 2
64 479 2
66 124 2
74 262 2
75 284 2
79 490 2
92 260 2
92 281 2
97 302 2
121 317 2
14 175 3
19 300 3
22 364 3
25 393 3
26 374 3
32 434 3
46 297 3
57 85 3
70 451 3
76 333 3
81 381 3
81 412 3
81 450 3
84 355 3
92 382 3
92 451 3
94 485 3
100 376 3
104 240 3
108 348 3
120 263 3
124 232 3
135 324 3
138 252 3
141 242 3
143 108 3
162 106 3
194 202 3
195 275 3
198 287 3
203 257 3
204 98 3
205 295 3
208 499 3
209 406 3
220 226 3
224 149 3
224 433 3
225 282 3
230 222 3
234 51 3
235 246 3
236 66 3
245 191 3
253 191 3
262 97 3
296 386 3
296 467 3
300 225 3
301 437 3
302 167 3
307 124 3
310 66 3
310 484 3
313 416 3
316 82 3
316 381 3
317 96 3
319 239 3
319 499 3
320 216 3
321 381 3
327 446 3
327 476 3
329 123 3
330 457 3
331 209 3
332 273 3
338 453 3
345 58 3
345 122 3
368 309 3
374 86 3
380 286 3
381 284 3
384 285 3
384 357 3
393 153 3
396 313 3
406 1 3
413 142 3
415 48 3
420 321 3
435 252 3
437 304 3
463 42 3
471 81 3
475 68 3
476 403 3
499 117 3
500 118 3
501 21 3
502 102 3
