26 157 1
31 460 1
36 5 1
36 450 1
42 380 1
56 345 1
66 38 1
72 4 1
72 19 1
79 30 1
79 78 1
83 47 1
85 2 1
90 111 1
98 7 1
105 35 1
121 26 1
1 404 2
3 178 2
4 423 2
6 86 2
6 262 2
8 355 2
9 290 2
18 403 2
19 328 2
23 224 2
24 384 2
29 38 2
32 277 2
34 307 2
35 104 2
41 83 2
46 21 2
46 124 2
47 283 2
61 104 2
69 165 2
76 398 2
89 316 2
91 177 2
112 404 2
116 414 2
117 72 2
117 90 2
117 109 2
121 135 2
128 423 2
135 404 2
136 46 2
139 8 2
139 249 2
140 317 2
147 353 2
148 385 2
150 2 2
151 219 2
154 132 2
155 54 2
155 151 2
157 110 2
157 402 2
160 206 2
163 35 2
163 427 2
164 264 2
172 451 2
173 333 2
174 223 2
175 396 2
177 7 2
177 143 2
179 431 2
184 192 2
185 124 2
190 47 2
191 270 2
191 409 2
194 143 2
195 86 2
198 27 2
198 163 2
199 228 2
202 415 2
203 64 2
208 102 2
208 294 2
211 205 2
211 249 2
215 33 2
216 357 2
219 210 2
220 234 2
220 314 2
223 280 2
224 83 2
240 273 2
243 242 2
244 328 2
247 122 2
249 64 2
249 172 2
254 8 2
255 292 2
265 141 2
266 51 2
266 178 2
268 311 2
271 13 2
279 85 2
279 415 2
287 393 2
289 11 2
291 353 2
292 183 2
295 384 2
295 459 2
298 164 2
299 89 2
304 1 2
305 347 2
310 108 2
311 197 2
312 85 2
312 393 2
316 236 2
317 356 2
318 183 2
318 314 2
318 434 2
321 32 2
322 68 2
322 259 2
323 417 2
324 172 2
324 338 2
325 459 2
332 154 2
332 188 2
332 256 2
333 64 2
334 100 2
337 86 2
339 129 2
345 280 2
345 319 2
346 43 2
347 381 2
347 459 2
348 7 2
352 406 2
353 178 2
355 257 2
355 343 2
356 447 2
362 205 2
365 268 2
366 390 2
368 38 2
369 456 2
371 365 2
372 76 2
373 328 2
374 167 2
374 277 2
376 189 2
382 56 2
387 432 2
390 261 2
391 142 2
392 197 2
394 16 2
394 222 2
395 71 2
396 316 2
398 41 2
399 276 2
406 399 2
413 218 2
413 451 2
416 328 2
420 421 2
422 352 2
424 11 2
424 68 2
426 157 2
431 306 2
435 291 2
435 333 2
439 455 2
440 46 2
442 177 2
443 392 2
445 148 2
447 34 2
453 83 2
453 347 2
454 446 2
457 326 2
459 205 2
6 11 3
21 68 3
39 414 3
48 55 3
49 242 3
53 414 3
53 442 3
59 430 3
82 367 3
90 61 3
90 408 3
97 76 3
104 448 3
108 169 3
109 287 3
111 319 3
115 250 3
125 166 3
125 270 3
162 75 3
272 200 3
295 218 3
355 226 3
454 221 3
