34 96 1
90 415 1
134 342 1
3 43 2
3 54 2
4 251 2
8 371 2
10 302 2
11 69 2
11 202 2
12 17 2
12 421 2
13 356 2
14 189 2
16 48 2
16 328 2
17 391 2
23 85 2
24 308 2
24 458 2
26 328 2
27 18 2
27 253 2
32 383 2
36 172 2
36 201 2
38 3 2
40 334 2
42 310 2
48 248 2
48 399 2
48 460 2
49 93 2
50 309 2
51 178 2
52 435 2
55 283 2
58 321 2
61 80 2
61 252 2
62 103 2
63 420 2
66 395 2
68 26 2
71 3 2
71 297 2
72 441 2
76 363 2
77 255 2
80 226 2
80 343 2
87 118 2
92 104 2
94 445 2
101 158 2
102 219 2
103 326 2
104 133 2
104 295 2
104 418 2
105 361 2
109 175 2
113 197 2
115 145 2
115 433 2
121 22 2
123 265 2
123 300 2
124 248 2
125 182 2
126 112 2
129 433 2
131 409 2
133 227 2
134 31 2
135 65 2
138 295 2
139 5 2
139 323 2
142 125 2
143 26 2
144 424 2
146 149 2
146 173 2
147 272 2
148 190 2
149 440 2
151 311 2
154 410 2
155 254 2
160 330 2
161 24 2
162 7 2
163 221 2
164 124 2
164 445 2
166 426 2
168 266 2
170 167 2
170 242 2
171 281 2
172 84 2
173 336 2
175 109 2
178 458 2
180 142 2
188 238 2
188 340 2
188 417 2
200 118 2
201 13 2
208 28 2
210 342 2
218 333 2
221 246 2
221 382 2
224 104 2
225 55 2
226 46 2
231 425 2
233 11 2
233 343 2
234 69 2
237 440 2
237 457 2
238 376 2
241 29 2
242 224 2
243 91 2
247 122 2
247 370 2
249 54 2
249 74 2
252 345 2
252 428 2
255 314 2
256 458 2
259 199 2
261 122 2
264 98 2
267 15 2
267 123 2
268 140 2
269 323 2
274 342 2
275 119 2
278 71 2
281 146 2
282 52 2
282 209 2
283 300 2
284 93 2
286 6 2
286 278 2
286 321 2
287 107 2
289 341 2
290 459 2
295 53 2
296 404 2
298 215 2
301 66 2
302 257 2
303 310 2
303 418 2
305 48 2
306 11 2
308 331 2
308 446 2
315 392 2
316 80 2
319 414 2
320 150 2
320 211 2
322 261 2
323 21 2
324 40 2
326 461 2
327 360 2
328 401 2
329 136 2
333 164 2
335 35 2
335 391 2
336 14 2
337 290 2
338 370 2
340 44 2
340 85 2
340 439 2
341 106 2
342 126 2
342 215 2
346 266 2
348 70 2
348 175 2
349 314 2
350 4 2
359 61 2
359 236 2
359 276 2
360 201 2
361 17 2
361 305 2
363 43 2
366 100 2
369 461 2
371 55 2
373 177 2
375 241 2
375 297 2
376 110 2
377 190 2
379 36 2
380 158 2
382 71 2
382 463 2
383 250 2
383 464 2
387 52 2
389 107 2
390 274 2
393 121 2
395 31 2
397 289 2
398 193 2
402 9 2
402 51 2
403 164 2
406 76 2
407 266 2
409 29 2
410 41 2
410 381 2
416 109 2
418 197 2
420 22 2
422 405 2
422 461 2
423 55 2
423 122 2
423 417 2
424 94 2
426 133 2
427 241 2
427 390 2
428 183 2
429 328 2
429 350 2
430 276 2
433 146 2
436 222 2
436 257 2
439 39 2
439 126 2
439 426 2
440 5 2
440 61 2
441 404 2
444 334 2
445 30 2
446 138 2
446 236 2
450 174 2
451 191 2
452 374 2
454 253 2
455 425 2
457 206 2
457 413 2
459 53 2
459 136 2
459 223 2
4 343 3
23 116 3
33 277 3
35 72 3
38 132 3
38 346 3
42 372 3
73 135 3
79 176 3
92 299 3
101 40 3
124 387 3
136 373 3
138 385 3
167 374 3
175 372 3
187 381 3
191 371 3
203 180 3
207 201 3
208 94 3
210 172 3
229 156 3
229 174 3
234 277 3
255 406 3
271 367 3
295 358 3
325 343 3
357 426 3
375 416 3
382 228 3
412 212 3
