38 47 1
131 296 1
145 255 1
264 463 1
396 56 1
453 110 1
476 132 1
2 81 3
3 139 3
22 116 3
27 59 3
73 295 3
93 341 3
104 113 3
109 281 3
110 74 3
118 335 3
127 188 3
141 294 3
155 145 3
155 181 3
158 50 3
163 488 3
166 181 3
167 244 3
169 209 3
171 7 3
172 144 3
175 272 3
176 113 3
176 166 3
181 85 3
185 279 3
188 7 3
189 47 3
193 77 3
193 214 3
194 25 3
194 373 3
197 152 3
197 241 3
203 112 3
207 295 3
208 210 3
210 45 3
212 79 3
213 285 3
217 356 3
223 332 3
225 403 3
234 22 3
238 463 3
239 70 3
245 32 3
245 433 3
251 479 3
257 317 3
259 206 3
283 484 3
289 72 3
290 22 3
290 205 3
297 448 3
367 129 3
372 338 3
376 327 3
398 77 3
404 85 3
411 68 3
415 91 3
419 232 3
426 97 3
428 80 3
437 32 3
440 89 3
443 119 3
465 287 3
