12 92 1
34 400 1
46 106 1
70 109 1
75 8 1
79 22 1
87 112 1
130 173 1
149 295 1
158 10 1
161 409 1
183 176 1
250 218 1
258 185 1
292 140 1
297 53 1
301 38 1
303 174 1
309 108 1
347 53 1
360 80 1
409 230 1
451 282 1
457 111 1
459 272 1
462 150 1
4 134 2
4 150 2
9 434 2
10 343 2
10 417 2
11 22 2
15 367 2
19 155 2
21 302 2
25 256 2
30 320 2
32 424 2
33 352 2
53 120 2
56 392 2
58 256 2
58 452 2
61 292 2
61 414 2
62 201 2
68 313 2
69 147 2
71 270 2
74 190 2
77 461 2
82 437 2
83 133 2
91 292 2
94 215 2
96 276 2
97 332 2
97 393 2
105 419 2
107 449 2
111 182 2
116 310 2
117 339 2
124 293 2
125 229 2
130 195 2
138 150 2
144 178 2
148 254 2
150 424 2
154 210 2
159 277 2
160 395 2
170 266 2
182 163 2
183 397 2
194 389 2
195 198 2
197 13 2
201 74 2
201 375 2
202 166 2
203 53 2
203 218 2
205 425 2
207 121 2
211 451 2
216 77 2
221 354 2
222 2 2
227 69 2
228 219 2
230 412 2
231 85 2
231 179 2
233 121 2
236 164 2
239 3 2
240 288 2
244 102 2
244 198 2
244 350 2
247 43 2
247 327 2
248 456 2
251 115 2
256 25 2
257 5 2
257 82 2
262 344 2
269 141 2
270 253 2
272 410 2
276 288 2
277 78 2
282 435 2
285 355 2
286 334 2
293 454 2
297 295 2
297 394 2
302 259 2
306 370 2
310 327 2
312 239 2
315 352 2
316 415 2
325 270 2
325 303 2
328 100 2
328 224 2
332 461 2
335 292 2
336 72 2
337 134 2
339 239 2
340 20 2
340 217 2
342 117 2
342 440 2
348 346 2
351 303 2
355 327 2
357 136 2
361 461 2
367 354 2
370 25 2
370 424 2
375 198 2
378 318 2
379 277 2
381 364 2
384 392 2
395 346 2
398 134 2
398 281 2
404 379 2
410 29 2
414 298 2
416 162 2
417 136 2
425 232 2
428 186 2
430 145 2
438 348 2
445 152 2
459 19 2
459 45 2
459 218 2
459 354 2
464 45 2
34 74 3
50 238 3
61 2 3
105 349 3
107 93 3
108 87 3
131 127 3
154 368 3
162 448 3
169 336 3
201 301 3
218 105 3
246 433 3
261 204 3
364 4 3
372 150 3
410 423 3
431 99 3
447 169 3
455 436 3
