42 145 1
168 111 1
209 88 1
286 57 1
369 238 1
383 23 1
391 256 1
393 68 1
400 43 1
462 335 1
2 430 2
5 401 2
6 301 2
6 377 2
9 282 2
14 273 2
21 425 2
28 378 2
30 442 2
31 457 2
32 396 2
51 258 2
65 380 2
65 457 2
68 313 2
71 434 2
73 330 2
80 460 2
82 304 2
86 372 2
89 445 2
92 321 2
92 415 2
97 459 2
102 232 2
103 307 2
105 382 2
112 348 2
113 211 2
113 266 2
113 431 2
115 284 2
116 254 2
117 448 2
123 319 2
127 421 2
129 197 2
131 397 2
134 336 2
134 447 2
139 368 2
142 224 2
147 416 2
148 296 2
151 185 2
151 318 2
152 444 2
153 347 2
157 378 2
159 267 2
163 287 2
163 401 2
166 246 2
167 198 2
169 379 2
171 303 2
172 418 2
177 321 2
180 214 2
181 266 2
183 285 2
186 411 2
188 394 2
189 425 2
192 232 2
194 373 2
197 178 2
197 276 2
199 143 2
199 204 2
200 305 2
202 250 2
207 341 2
211 224 2
212 137 2
213 188 2
215 243 2
216 321 2
218 454 2
219 284 2
229 213 2
230 162 2
234 182 2
235 442 2
237 357 2
238 247 2
238 459 2
242 199 2
254 299 2
259 332 2
260 264 2
261 312 2
266 282 2
268 299 2
269 351 2
270 241 2
272 249 2
273 226 2
275 274 2
277 262 2
285 294 2
287 353 2
289 338 2
294 253 2
299 310 2
301 219 2
304 342 2
316 267 2
322 284 2
327 310 2
333 459 2
334 249 2
352 448 2
11 253 3
12 241 3
18 362 3
25 31 3
36 367 3
51 113 3
54 237 3
56 39 3
62 58 3
73 355 3
77 244 3
94 195 3
99 36 3
100 336 3
115 155 3
117 142 3
118 177 3
123 167 3
127 136 3
141 238 3
145 156 3
145 281 3
146 169 3
162 155 3
186 133 3
188 456 3
190 356 3
205 404 3
227 139 3
229 24 3
247 398 3
251 170 3
254 103 3
260 450 3
269 6 3
275 152 3
284 73 3
285 2 3
288 88 3
289 206 3
296 74 3
318 30 3
322 372 3
326 227 3
333 408 3
339 214 3
339 320 3
345 255 3
345 285 3
355 397 3
359 380 3
362 19 3
367 189 3
370 423 3
371 303 3
371 320 3
373 132 3
383 40 3
383 111 3
388 307 3
389 279 3
390 377 3
393 440 3
402 416 3
403 394 3
410 366 3
411 297 3
412 186 3
420 122 3
423 260 3
424 161 3
434 429 3
438 68 3
438 103 3
438 443 3
442 23 3
448 38 3
449 204 3
450 280 3
459 302 3
