90 27 1
211 97 1
271 204 1
331 429 1
354 110 1
354 226 1
363 259 1
373 51 1
373 61 1
428 396 1
461 357 1
4 88 2
4 200 2
8 223 2
14 140 2
15 301 2
16 165 2
17 75 2
17 276 2
18 126 2
38 253 2
40 274 2
41 20 2
44 446 2
45 301 2
48 325 2
49 137 2
50 461 2
55 5 2
57 116 2
61 61 2
63 87 2
73 246 2
73 268 2
76 162 2
76 216 2
77 292 2
79 10 2
81 436 2
82 39 2
83 455 2
84 193 2
84 307 2
85 139 2
85 332 2
86 121 2
90 260 2
92 407 2
93 359 2
93 375 2
95 230 2
100 285 2
104 199 2
105 154 2
105 342 2
106 450 2
107 37 2
115 312 2
117 127 2
117 429 2
121 16 2
125 90 2
126 284 2
127 207 2
127 458 2
129 254 2
135 161 2
136 188 2
136 415 2
142 373 2
144 318 2
147 356 2
148 134 2
153 112 2
159 98 2
159 420 2
161 85 2
161 381 2
168 438 2
170 461 2
171 70 2
174 255 2
178 80 2
183 56 2
184 316 2
190 292 2
198 263 2
199 3 2
201 346 2
206 244 2
208 181 2
215 203 2
216 271 2
216 366 2
221 4 2
221 294 2
222 91 2
223 338 2
224 128 2
225 403 2
226 426 2
227 156 2
228 184 2
237 188 2
239 381 2
242 228 2
242 458 2
248 5 2
250 72 2
255 361 2
260 194 2
263 404 2
264 98 2
265 149 2
275 68 2
275 444 2
276 302 2
277 45 2
278 284 2
282 183 2
286 369 2
287 98 2
288 37 2
288 129 2
288 459 2
290 149 2
292 436 2
293 75 2
295 320 2
307 24 2
308 365 2
309 287 2
313 318 2
315 135 2
315 385 2
316 253 2
317 460 2
325 13 2
325 228 2
327 357 2
330 76 2
332 276 2
335 56 2
335 170 2
336 96 2
339 20 2
342 349 2
344 107 2
344 334 2
345 421 2
346 379 2
347 448 2
349 158 2
353 270 2
355 56 2
362 368 2
363 87 2
370 9 2
370 297 2
376 84 2
377 236 2
377 261 2
381 355 2
384 429 2
386 219 2
389 62 2
395 277 2
396 423 2
397 75 2
401 12 2
407 336 2
416 114 2
417 69 2
417 196 2
418 327 2
432 320 2
432 349 2
432 423 2
435 42 2
435 462 2
439 110 2
442 380 2
446 258 2
447 190 2
451 307 2
451 337 2
452 408 2
459 179 2
459 451 2
460 148 2
460 295 2
463 291 2
464 290 2
23 217 3
26 429 3
31 370 3
37 232 3
40 367 3
40 401 3
48 172 3
56 162 3
59 163 3
66 187 3
122 367 3
129 71 3
144 76 3
144 215 3
145 50 3
148 399 3
154 249 3
155 302 3
161 42 3
167 31 3
169 285 3
172 11 3
172 168 3
172 183 3
174 226 3
185 212 3
193 72 3
193 74 3
193 404 3
201 37 3
212 22 3
212 40 3
260 306 3
276 339 3
278 7 3
284 260 3
289 249 3
291 4 3
292 264 3
307 156 3
319 204 3
324 332 3
325 414 3
335 198 3
343 242 3
350 255 3
351 214 3
358 238 3
364 317 3
370 135 3
373 338 3
374 150 3
379 458 3
381 188 3
389 373 3
391 293 3
392 326 3
400 181 3
407 161 3
411 142 3
417 136 3
420 253 3
426 101 3
426 179 3
431 123 3
437 54 3
453 52 3
459 35 3
