33 3 1
49 8 1
67 8 1
78 30 1
85 92 1
89 2 1
90 17 1
104 82 1
111 31 1
117 22 1
122 7 1
133 23 1
142 79 1
146 5 1
146 16 1
152 116 1
152 332 1
158 27 1
169 55 1
170 117 1
172 6 1
177 71 1
177 101 1
180 116 1
180 325 1
181 357 1
187 43 1
188 15 1
189 111 1
189 210 1
192 257 1
195 128 1
195 481 1
198 148 1
199 3 1
200 70 1
201 55 1
201 163 1
202 114 1
204 385 1
206 323 1
207 32 1
208 132 1
210 22 1
211 55 1
213 105 1
214 216 1
215 79 1
215 162 1
216 44 1
217 334 1
219 60 1
219 124 1
219 194 1
220 183 1
222 206 1
222 311 1
222 380 1
222 483 1
224 294 1
227 326 1
228 7 1
228 149 1
229 285 1
231 136 1
231 182 1
232 98 1
233 123 1
233 170 1
234 218 1
234 258 1
235 241 1
237 296 1
237 439 1
243 289 1
243 482 1
245 141 1
246 157 1
246 237 1
246 258 1
248 173 1
249 26 1
249 372 1
249 469 1
252 128 1
252 278 1
253 1 1
253 313 1
255 15 1
255 114 1
255 383 1
257 147 1
261 25 1
265 123 1
266 5 1
266 100 1
266 172 1
268 35 1
268 136 1
268 308 1
268 445 1
272 110 1
272 262 1
272 320 1
273 25 1
278 269 1
278 483 1
279 47 1
280 9 1
280 132 1
280 154 1
284 333 1
287 92 1
287 276 1
288 28 1
288 107 1
289 147 1
289 319 1
290 128 1
292 14 1
294 350 1
295 118 1
296 154 1
297 258 1
298 135 1
298 147 1
298 274 1
299 334 1
300 109 1
301 4 1
303 99 1
303 324 1
303 372 1
305 123 1
305 347 1
308 405 1
308 426 1
309 77 1
309 263 1
310 140 1
311 286 1
311 337 1
312 14 1
312 387 1
313 355 1
316 86 1
320 180 1
320 430 1
321 91 1
321 369 1
322 275 1
322 330 1
324 130 1
324 410 1
325 4 1
327 23 1
327 100 1
329 251 1
330 390 1
332 120 1
333 150 1
334 358 1
334 425 1
335 295 1
338 474 1
339 138 1
339 163 1
339 280 1
340 48 1
342 108 1
342 135 1
343 374 1
344 254 1
345 14 1
345 267 1
345 299 1
346 30 1
346 193 1
346 392 1
346 429 1
347 117 1
347 409 1
348 245 1
349 57 1
351 6 1
351 183 1
352 42 1
352 257 1
353 224 1
354 154 1
354 212 1
355 132 1
357 272 1
359 16 1
359 79 1
359 168 1
359 248 1
360 25 1
360 235 1
361 346 1
362 200 1
363 188 1
364 290 1
365 54 1
365 334 1
366 426 1
368 171 1
369 380 1
370 94 1
370 229 1
371 28 1
371 68 1
372 207 1
372 247 1
373 5 1
373 44 1
373 193 1
373 265 1
374 82 1
374 396 1
374 483 1
375 276 1
376 16 1
377 384 1
380 371 1
382 287 1
383 64 1
383 404 1
384 162 1
385 34 1
385 176 1
387 114 1
387 198 1
387 259 1
389 6 1
389 47 1
389 187 1
389 218 1
389 388 1
390 329 1
390 334 1
391 397 1
392 355 1
392 364 1
393 247 1
394 30 1
394 203 1
394 482 1
396 75 1
396 343 1
397 389 1
398 92 1
398 125 1
401 11 1
401 453 1
402 177 1
402 262 1
402 410 1
402 487 1
403 2 1
403 104 1
403 193 1
404 151 1
404 235 1
405 39 1
405 326 1
406 396 1
407 374 1
408 117 1
409 462 1
410 277 1
410 313 1
410 381 1
411 255 1
413 23 1
414 162 1
415 300 1
416 214 1
416 242 1
416 288 1
418 353 1
419 108 1
419 408 1
420 461 1
420 485 1
421 360 1
421 419 1
422 11 1
422 344 1
423 30 1
423 369 1
423 451 1
425 258 1
425 435 1
426 236 1
427 279 1
428 44 1
428 328 1
430 124 1
430 270 1
432 9 1
433 220 1
434 344 1
434 457 1
435 138 1
436 28 1
436 432 1
437 206 1
437 248 1
439 100 1
439 384 1
439 444 1
439 474 1
440 193 1
441 75 1
442 39 1
442 63 1
444 394 1
445 52 1
445 275 1
446 352 1
448 467 1
449 179 1
450 162 1
451 2 1
452 379 1
452 422 1
452 453 1
453 23 1
455 41 1
456 153 1
457 404 1
458 415 1
459 282 1
460 375 1
461 8 1
462 477 1
464 399 1
464 466 1
467 170 1
467 358 1
468 391 1
470 432 1
473 378 1
476 349 1
477 450 1
478 465 1
479 482 1
482 48 1
484 435 1
485 392 1
485 424 1
486 381 1
487 56 1
487 330 1
488 356 1
2 76 2
4 217 2
5 467 2
6 287 2
8 262 2
9 61 2
10 303 2
11 245 2
11 422 2
14 450 2
18 166 2
23 215 2
26 80 2
28 197 2
30 461 2
34 103 2
34 234 2
37 136 2
40 149 2
40 345 2
40 393 2
48 177 2
49 90 2
50 415 2
54 322 2
59 253 2
62 464 2
63 445 2
66 300 2
75 382 2
75 400 2
78 262 2
79 483 2
81 427 2
85 61 2
85 319 2
86 456 2
88 167 2
89 216 2
92 301 2
93 240 2
97 117 2
99 386 2
101 274 2
102 129 2
102 153 2
104 225 2
108 118 2
108 466 2
110 286 2
113 209 2
115 407 2
121 140 2
123 435 2
130 219 2
130 267 2
130 459 2
135 243 2
141 157 2
145 481 2
170 395 2
181 410 2
459 202 2
473 213 2
485 203 2
487 236 2
9 117 3
26 376 3
31 46 3
54 222 3
62 140 3
65 352 3
68 223 3
69 74 3
74 193 3
109 361 3
113 105 3
113 307 3
118 80 3
119 358 3
120 63 3
122 35 3
126 50 3
137 50 3
143 436 3
144 295 3
146 61 3
147 400 3
151 186 3
152 376 3
162 17 3
163 155 3
164 222 3
167 152 3
169 283 3
171 28 3
176 189 3
180 280 3
185 372 3
193 183 3
193 241 3
197 433 3
198 340 3
208 461 3
211 203 3
212 264 3
213 405 3
214 429 3
214 461 3
228 398 3
237 197 3
237 321 3
237 402 3
252 350 3
253 450 3
256 216 3
257 336 3
260 353 3
261 244 3
271 181 3
272 201 3
273 283 3
278 395 3
285 201 3
290 294 3
293 307 3
294 207 3
298 72 3
300 45 3
311 159 3
313 208 3
315 52 3
316 115 3
318 194 3
319 103 3
320 305 3
324 463 3
325 457 3
330 288 3
336 70 3
343 81 3
351 67 3
353 355 3
355 449 3
358 113 3
361 314 3
371 127 3
371 360 3
372 148 3
375 458 3
389 374 3
391 281 3
393 428 3
394 376 3
398 160 3
398 293 3
404 439 3
406 473 3
413 82 3
416 192 3
422 397 3
429 74 3
431 59 3
431 159 3
437 402 3
441 114 3
454 258 3
457 436 3
465 268 3
468 291 3
470 24 3
484 289 3
