1 80 2
1 183 2
1 254 2
4 229 2
8 116 2
8 136 2
9 212 2
10 30 2
10 265 2
15 196 2
19 249 2
19 377 2
20 310 2
24 5 2
24 58 2
26 72 2
28 161 2
31 131 2
31 304 2
33 373 2
34 27 2
39 5 2
39 254 2
40 266 2
41 233 2
42 92 2
43 352 2
45 52 2
47 380 2
49 400 2
51 136 2
51 335 2
53 251 2
53 418 2
54 15 2
55 42 2
55 453 2
57 369 2
59 82 2
62 355 2
63 476 2
65 317 2
65 343 2
66 120 2
66 254 2
67 445 2
69 141 2
71 3 2
75 475 2
79 43 2
79 399 2
79 442 2
82 315 2
82 371 2
82 421 2
86 168 2
89 239 2
89 240 2
91 300 2
91 387 2
92 81 2
92 454 2
93 149 2
95 229 2
101 25 2
103 340 2
103 364 2
104 290 2
106 203 2
107 74 2
107 276 2
112 323 2
114 147 2
116 221 2
117 10 2
117 337 2
120 46 2
122 29 2
125 83 2
125 100 2
127 161 2
129 128 2
129 274 2
130 0 2
130 210 2
131 294 2
132 424 2
136 104 2
139 72 2
139 177 2
140 247 2
141 157 2
142 381 2
146 33 2
146 103 2
146 354 2
147 440 2
152 53 2
153 134 2
154 73 2
155 184 2
157 161 2
157 237 2
157 369 2
159 334 2
160 427 2
161 110 2
161 439 2
164 248 2
166 12 2
166 421 2
171 184 2
172 165 2
172 205 2
182 293 2
183 3 2
184 352 2
186 197 2
187 406 2
190 108 2
192 175 2
195 272 2
195 342 2
195 432 2
196 306 2
200 158 2
201 130 2
202 98 2
203 449 2
207 201 2
209 107 2
209 263 2
212 421 2
214 171 2
214 390 2
215 375 2
215 458 2
224 320 2
226 253 2
226 267 2
227 409 2
233 307 2
233 453 2
241 235 2
244 357 2
244 423 2
245 372 2
246 257 2
250 289 2
251 346 2
255 273 2
257 225 2
258 190 2
263 334 2
267 426 2
268 348 2
276 274 2
278 188 2
278 227 2
279 13 2
279 326 2
281 168 2
281 346 2
285 242 2
286 425 2
287 111 2
290 221 2
292 198 2
293 354 2
294 182 2
295 26 2
297 153 2
299 126 2
300 334 2
301 3 2
307 255 2
308 357 2
309 205 2
315 416 2
317 0 2
318 145 2
318 253 2
319 343 2
323 270 2
325 159 2
326 239 2
326 318 2
327 204 2
328 173 2
331 133 2
332 403 2
333 8 2
333 365 2
335 258 2
336 34 2
338 187 2
338 221 2
343 97 2
344 154 2
346 129 2
347 270 2
347 291 2
348 245 2
349 30 2
352 330 2
353 313 2
355 112 2
356 189 2
356 355 2
359 79 2
359 382 2
360 209 2
361 235 2
362 152 2
366 285 2
368 37 2
368 138 2
369 173 2
371 66 2
371 247 2
372 268 2
373 321 2
375 105 2
377 28 2
377 189 2
378 307 2
379 122 2
380 10 2
380 78 2
380 289 2
381 228 2
381 384 2
386 205 2
388 137 2
390 49 2
390 368 2
391 157 2
392 329 2
393 179 2
395 18 2
395 216 2
396 4 2
397 189 2
401 389 2
402 38 2
404 338 2
406 92 2
406 145 2
409 126 2
412 430 2
413 22 2
420 361 2
421 4 2
423 39 2
423 119 2
427 93 2
429 134 2
431 232 2
436 111 2
437 4 2
438 217 2
441 16 2
442 500 2
448 200 2
449 120 2
449 217 2
450 62 2
450 438 2
454 234 2
457 103 2
457 261 2
458 166 2
460 21 2
462 410 2
464 385 2
468 360 2
469 226 2
470 113 2
470 253 2
473 159 2
474 474 2
475 198 2
475 211 2
479 380 2
483 181 2
485 56 2
485 452 2
487 138 2
487 481 2
491 6 2
493 467 2
495 89 2
495 188 2
496 436 2
498 141 2
500 125 2
500 165 2
501 53 2
6 468 3
11 498 3
20 438 3
23 463 3
80 21 3
172 45 3
192 86 3
230 85 3
233 92 3
277 26 3
309 113 3
310 426 3
343 58 3
392 423 3
416 256 3
417 453 3
425 420 3
442 382 3
460 60 3
462 343 3
469 55 3
477 344 3
486 407 3
487 17 3
495 371 3
