10 26 2
28 18 2
45 6 2
50 237 2
55 250 2
56 224 2
63 3 2
66 208 2
66 259 2
75 197 2
75 266 2
87 197 2
93 267 2
100 189 2
106 480 2
113 271 2
114 185 2
119 258 2
123 245 2
123 460 2
124 176 2
131 232 2
131 451 2
137 172 2
137 186 2
138 200 2
138 217 2
139 439 2
145 428 2
147 226 2
154 390 2
160 421 2
170 391 2
170 483 2
174 416 2
176 467 2
180 478 2
185 392 2
187 418 2
189 459 2
196 429 2
196 446 2
202 416 2
207 436 2
255 138 2
263 78 2
266 91 2
271 103 2
277 75 2
284 118 2
293 75 2
298 123 2
308 76 2
318 127 2
322 81 2
337 126 2
340 90 2
350 119 2
355 104 2
376 489 2
387 484 2
402 479 2
422 204 2
428 478 2
446 468 2
451 194 2
456 209 2
459 229 2
463 456 2
465 182 2
472 219 2
472 246 2
479 178 2
479 201 2
480 236 2
480 454 2
487 189 2
487 250 2
488 219 2
1 326 3
6 129 3
12 364 3
29 35 3
38 31 3
40 302 3
46 473 3
47 26 3
56 21 3
68 420 3
72 287 3
81 292 3
81 478 3
88 167 3
90 469 3
91 347 3
95 148 3
97 51 3
102 95 3
102 146 3
106 122 3
107 388 3
113 299 3
115 6 3
126 74 3
127 303 3
140 406 3
143 89 3
144 266 3
144 366 3
149 253 3
155 243 3
186 288 3
198 44 3
198 346 3
205 287 3
205 384 3
212 132 3
215 234 3
217 253 3
219 98 3
219 278 3
230 338 3
240 140 3
240 300 3
244 431 3
256 168 3
261 17 3
268 44 3
273 136 3
275 175 3
276 276 3
280 377 3
287 375 3
290 265 3
294 226 3
297 415 3
301 217 3
309 219 3
311 51 3
324 217 3
333 11 3
339 202 3
341 415 3
361 326 3
362 447 3
365 306 3
371 7 3
373 305 3
376 95 3
379 304 3
381 104 3
382 43 3
382 220 3
388 9 3
393 55 3
397 104 3
404 27 3
408 208 3
408 414 3
425 146 3
440 12 3
449 101 3
450 91 3
459 314 3
465 169 3
470 349 3
471 41 3
