154 221 1
3 22 2
3 230 2
4 192 2
4 492 2
7 321 2
9 447 2
11 33 2
11 171 2
14 332 2
14 473 2
16 197 2
18 237 2
19 385 2
21 38 2
24 1 2
24 496 2
29 376 2
30 456 2
33 188 2
33 467 2
34 293 2
36 246 2
37 400 2
41 42 2
42 433 2
43 500 2
44 485 2
47 157 2
48 5 2
48 177 2
48 264 2
49 332 2
49 466 2
51 281 2
52 384 2
55 16 2
56 242 2
57 213 2
57 433 2
57 497 2
60 144 2
60 375 2
60 447 2
62 398 2
67 35 2
72 490 2
73 195 2
73 372 2
79 258 2
80 10 2
80 174 2
80 436 2
85 349 2
87 228 2
87 418 2
87 469 2
91 32 2
91 52 2
94 294 2
97 69 2
98 424 2
101 7 2
103 337 2
106 374 2
108 19 2
108 173 2
108 466 2
108 476 2
113 254 2
113 323 2
117 53 2
121 235 2
121 358 2
122 198 2
123 13 2
125 163 2
126 303 2
126 385 2
127 2 2
127 478 2
133 268 2
136 44 2
136 178 2
140 286 2
141 388 2
145 84 2
146 312 2
154 163 2
154 257 2
155 414 2
157 66 2
157 435 2
158 43 2
159 391 2
165 145 2
166 295 2
167 321 2
169 452 2
170 368 2
172 238 2
174 64 2
176 220 2
178 360 2
179 183 2
179 491 2
181 131 2
184 43 2
186 76 2
187 453 2
194 52 2
194 191 2
194 236 2
197 294 2
197 370 2
198 142 2
199 468 2
205 107 2
205 275 2
207 46 2
208 406 2
208 425 2
209 255 2
210 358 2
212 453 2
213 3 2
215 135 2
215 147 2
218 75 2
218 190 2
219 392 2
223 45 2
228 236 2
228 362 2
228 472 2
230 264 2
230 330 2
233 98 2
234 406 2
235 304 2
236 27 2
237 4 2
237 449 2
240 345 2
243 492 2
244 157 2
245 179 2
246 417 2
247 396 2
248 77 2
249 380 2
250 358 2
251 113 2
253 190 2
255 229 2
258 427 2
261 153 2
262 494 2
263 93 2
263 341 2
266 253 2
267 378 2
268 74 2
269 192 2
269 435 2
271 45 2
275 230 2
277 481 2
278 416 2
279 402 2
281 112 2
281 330 2
283 94 2
283 303 2
284 242 2
284 317 2
286 75 2
290 447 2
291 180 2
291 489 2
295 373 2
296 422 2
298 110 2
303 407 2
306 89 2
307 395 2
311 203 2
312 231 2
312 433 2
313 188 2
314 26 2
316 245 2
316 339 2
317 4 2
319 61 2
319 275 2
320 382 2
321 463 2
327 322 2
330 397 2
331 6 2
332 181 2
333 114 2
334 448 2
334 472 2
335 52 2
335 253 2
337 338 2
342 216 2
343 417 2
344 7 2
344 291 2
347 27 2
349 457 2
350 109 2
350 321 2
355 195 2
355 222 2
357 242 2
358 391 2
359 406 2
360 46 2
362 153 2
362 490 2
363 370 2
363 422 2
364 299 2
365 89 2
368 283 2
370 334 2
372 467 2
375 396 2
376 219 2
381 27 2
385 75 2
385 234 2
385 378 2
388 337 2
388 473 2
389 146 2
389 294 2
390 202 2
391 60 2
394 269 2
395 499 2
399 38 2
401 81 2
401 300 2
402 182 2
402 483 2
403 382 2
404 158 2
412 46 2
413 127 2
413 333 2
415 236 2
416 72 2
418 219 2
427 361 2
428 158 2
428 249 2
430 187 2
430 271 2
431 463 2
432 397 2
434 309 2
437 60 2
440 367 2
441 81 2
444 160 2
444 381 2
444 448 2
445 332 2
445 471 2
448 494 2
450 211 2
452 189 2
452 365 2
452 374 2
456 403 2
457 226 2
462 123 2
462 288 2
463 153 2
465 485 2
467 266 2
467 385 2
467 449 2
470 105 2
475 213 2
479 478 2
480 294 2
481 314 2
482 97 2
483 114 2
483 440 2
484 248 2
484 459 2
489 154 2
489 177 2
490 405 2
491 277 2
493 73 2
498 250 2
499 210 2
500 95 2
500 296 2
500 331 2
501 16 2
121 78 3
145 64 3
193 27 3
291 155 3
331 130 3
397 5 3
486 51 3
498 37 3
