0 410 1
5 111 1
6 67 1
7 194 1
7 360 1
12 187 1
14 56 1
15 76 1
15 102 1
16 92 1
17 1 1
17 416 1
19 272 1
23 464 1
27 64 1
27 417 1
28 109 1
30 470 1
31 191 1
33 416 1
35 97 1
37 380 1
41 233 1
41 476 1
42 368 1
43 62 1
43 167 1
45 245 1
46 284 1
49 191 1
49 424 1
51 486 1
52 229 1
52 403 1
54 8 1
54 299 1
56 133 1
63 299 1
64 36 1
65 10 1
66 372 1
67 462 1
72 188 1
72 225 1
72 342 1
74 14 1
74 318 1
76 277 1
84 239 1
88 248 1
90 258 1
93 369 1
95 248 1
95 422 1
95 462 1
97 294 1
97 435 1
101 418 1
108 305 1
112 459 1
118 418 1
122 275 1
122 386 1
125 215 1
129 171 1
129 487 1
130 220 1
134 394 1
142 223 1
143 489 1
154 272 1
155 28 1
155 82 1
156 468 1
157 421 1
163 304 1
167 244 1
169 212 1
169 465 1
172 474 1
172 481 1
173 285 1
177 347 1
179 297 1
181 177 1
182 338 1
183 197 1
187 429 1
189 231 1
193 254 1
198 240 1
203 268 1
207 147 1
208 259 1
210 407 1
210 425 1
217 210 1
217 266 1
218 319 1
221 306 1
223 242 1
228 192 1
229 394 1
230 250 1
230 307 1
233 380 1
233 465 1
235 404 1
237 422 1
240 392 1
244 423 1
251 400 1
296 481 1
320 249 1
321 268 1
338 18 1
367 321 1
370 308 1
389 319 1
416 476 1
425 470 1
428 479 1
438 465 1
445 431 1
476 433 1
17 130 2
22 182 2
33 177 2
34 138 2
55 174 2
70 60 2
71 70 2
71 80 2
71 103 2
78 201 2
83 36 2
84 78 2
86 48 2
87 63 2
91 88 2
93 185 2
96 27 2
97 63 2
100 166 2
101 75 2
107 38 2
108 178 2
109 99 2
111 226 2
116 52 2
119 15 2
119 165 2
120 125 2
121 331 2
123 235 2
124 103 2
132 74 2
134 363 2
135 131 2
135 208 2
136 240 2
138 20 2
139 92 2
144 44 2
145 247 2
148 101 2
151 256 2
153 120 2
154 57 2
156 137 2
162 95 2
168 129 2
172 45 2
175 74 2
179 129 2
188 10 2
188 124 2
191 316 2
199 363 2
207 436 2
208 326 2
209 79 2
211 346 2
214 92 2
219 108 2
224 80 2
225 96 2
226 434 2
232 489 2
235 16 2
235 230 2
235 438 2
238 114 2
242 79 2
242 94 2
243 464 2
246 28 2
247 347 2
247 458 2
250 367 2
251 117 2
253 190 2
254 104 2
254 287 2
255 310 2
257 31 2
258 441 2
260 114 2
262 87 2
266 394 2
267 305 2
268 42 2
271 327 2
273 286 2
274 59 2
275 139 2
276 345 2
277 436 2
280 102 2
281 261 2
281 307 2
283 288 2
291 323 2
294 194 2
294 351 2
297 57 2
297 210 2
298 293 2
299 180 2
303 221 2
303 308 2
307 106 2
310 182 2
310 324 2
312 205 2
313 84 2
317 46 2
317 344 2
318 172 2
319 300 2
324 214 2
326 309 2
328 94 2
328 327 2
330 57 2
330 108 2
330 225 2
331 34 2
332 148 2
333 120 2
335 191 2
338 174 2
340 28 2
340 42 2
342 61 2
345 0 2
346 99 2
347 115 2
348 83 2
348 186 2
348 259 2
352 15 2
352 196 2
355 29 2
356 121 2
361 0 2
361 107 2
362 91 2
365 454 2
366 21 2
368 14 2
369 467 2
371 76 2
371 137 2
374 475 2
378 91 2
380 168 2
381 44 2
381 469 2
382 130 2
384 152 2
384 456 2
385 186 2
385 482 2
386 117 2
389 68 2
390 467 2
391 88 2
393 35 2
393 475 2
394 165 2
396 147 2
398 128 2
400 110 2
401 211 2
403 31 2
405 189 2
406 241 2
410 63 2
410 216 2
412 164 2
413 84 2
414 289 2
415 306 2
417 147 2
417 233 2
418 52 2
419 109 2
419 277 2
421 35 2
423 176 2
425 216 2
426 78 2
426 293 2
426 312 2
427 154 2
428 20 2
428 131 2
429 4 2
431 94 2
433 165 2
433 200 2
435 112 2
435 180 2
436 275 2
437 322 2
438 267 2
442 136 2
442 211 2
443 307 2
445 83 2
446 1 2
446 100 2
448 119 2
452 31 2
453 275 2
454 314 2
455 151 2
459 96 2
459 188 2
460 2 2
463 294 2
464 308 2
465 22 2
467 90 2
467 121 2
471 31 2
471 358 2
474 138 2
475 226 2
479 214 2
479 397 2
479 411 2
481 86 2
482 152 2
482 243 2
482 274 2
483 259 2
484 382 2
486 327 2
13 288 3
18 141 3
20 152 3
20 426 3
21 379 3
22 19 3
25 448 3
27 404 3
29 291 3
39 269 3
40 14 3
45 462 3
47 438 3
53 20 3
55 107 3
65 445 3
67 137 3
67 379 3
70 239 3
71 24 3
71 248 3
81 146 3
81 434 3
82 395 3
84 421 3
92 385 3
93 395 3
94 361 3
106 286 3
111 256 3
113 398 3
114 194 3
123 319 3
125 307 3
127 431 3
131 189 3
132 450 3
134 162 3
134 181 3
144 198 3
154 208 3
161 183 3
163 427 3
167 115 3
169 423 3
179 165 3
180 60 3
181 90 3
183 38 3
188 184 3
188 456 3
190 438 3
196 461 3
199 420 3
207 220 3
210 472 3
213 158 3
217 469 3
225 2 3
225 330 3
231 2 3
232 156 3
235 413 3
243 148 3
243 270 3
248 255 3
261 408 3
273 230 3
279 381 3
284 239 3
284 456 3
285 39 3
285 469 3
290 129 3
291 475 3
292 31 3
292 434 3
293 381 3
301 460 3
303 40 3
308 241 3
314 443 3
314 462 3
318 436 3
325 418 3
328 389 3
330 273 3
333 398 3
337 460 3
337 473 3
348 371 3
354 240 3
355 353 3
356 429 3
358 383 3
362 341 3
362 413 3
366 279 3
369 200 3
371 211 3
371 351 3
375 330 3
375 361 3
384 250 3
387 233 3
394 258 3
395 394 3
402 342 3
405 422 3
408 370 3
408 431 3
416 415 3
425 356 3
437 489 3
442 23 3
448 470 3
458 247 3
483 474 3
486 486 3
