390 460 1
6 66 2
7 30 2
8 448 2
9 137 2
9 372 2
9 394 2
10 420 2
12 102 2
12 440 2
18 12 2
20 60 2
22 177 2
23 432 2
24 366 2
28 407 2
29 122 2
30 157 2
31 382 2
35 137 2
37 35 2
37 245 2
39 0 2
42 195 2
50 211 2
52 342 2
55 461 2
58 146 2
59 178 2
67 3 2
72 287 2
73 202 2
74 340 2
77 457 2
84 325 2
86 305 2
91 211 2
95 277 2
97 300 2
98 335 2
103 461 2
106 222 2
106 272 2
107 288 2
117 333 2
120 349 2
127 231 2
132 346 2
140 274 2
145 340 2
151 274 2
173 248 2
173 390 2
176 267 2
183 409 2
188 276 2
194 21 2
196 287 2
204 279 2
206 2 2
207 453 2
212 25 2
213 268 2
222 454 2
223 11 2
223 254 2
224 365 2
235 457 2
240 263 2
243 287 2
245 27 2
251 460 2
257 271 2
261 288 2
262 29 2
274 40 2
276 298 2
293 305 2
300 444 2
302 55 2
322 84 2
336 419 2
341 65 2
357 110 2
378 104 2
383 115 2
384 67 2
384 358 2
385 419 2
390 50 2
390 112 2
407 114 2
409 438 2
416 58 2
417 122 2
425 83 2
426 43 2
426 131 2
428 127 2
429 121 2
436 4 2
441 133 2
446 15 2
448 2 2
448 146 2
451 85 2
455 327 2
458 138 2
459 158 2
461 91 2
12 334 3
38 323 3
43 272 3
52 304 3
56 102 3
61 297 3
65 77 3
67 125 3
95 238 3
114 37 3
120 190 3
122 24 3
130 192 3
133 95 3
135 124 3
140 80 3
140 141 3
148 177 3
148 228 3
154 90 3
160 244 3
163 162 3
166 112 3
176 92 3
182 333 3
188 370 3
194 398 3
195 387 3
202 79 3
202 193 3
203 382 3
211 226 3
212 235 3
214 152 3
221 165 3
233 91 3
233 114 3
233 426 3
243 175 3
253 179 3
256 149 3
261 340 3
262 137 3
271 250 3
273 210 3
277 178 3
277 240 3
308 131 3
313 294 3
315 116 3
319 304 3
321 142 3
331 278 3
343 269 3
358 321 3
367 306 3
380 214 3
389 184 3
395 204 3
396 287 3
396 315 3
404 398 3
412 225 3
415 240 3
417 398 3
422 322 3
426 422 3
429 416 3
431 324 3
441 38 3
445 192 3
447 176 3
447 455 3
448 203 3
453 434 3
456 235 3
459 442 3
459 462 3
