451 239 2
463 248 2
473 172 2
475 205 2
482 216 2
484 175 2
488 186 2
2 218 3
12 1 3
20 282 3
46 267 3
50 407 3
52 7 3
53 421 3
57 311 3
64 270 3
71 469 3
81 367 3
87 305 3
120 359 3
123 2 3
127 308 3
128 332 3
130 136 3
154 436 3
156 40 3
162 136 3
169 346 3
173 280 3
174 176 3
174 326 3
180 108 3
180 109 3
185 471 3
188 420 3
195 30 3
195 310 3
196 384 3
196 427 3
197 237 3
204 357 3
222 360 3
231 365 3
231 377 3
244 208 3
248 11 3
258 2 3
260 423 3
267 184 3
269 242 3
287 198 3
289 427 3
293 212 3
293 413 3
320 299 3
323 299 3
324 286 3
349 266 3
350 478 3
370 163 3
410 244 3
430 267 3
