2 432 1
4 364 1
6 450 1
9 376 1
14 368 1
15 351 1
18 340 1
24 368 1
30 470 1
35 337 1
79 338 1
87 375 1
98 369 1
106 377 1
108 386 1
116 254 1
185 111 1
192 23 1
233 276 1
244 204 1
257 254 1
264 45 1
322 155 1
365 51 1
427 438 1
470 204 1
2 178 2
12 282 2
14 159 2
21 215 2
23 240 2
24 292 2
29 164 2
35 107 2
37 184 2
38 79 2
42 302 2
46 60 2
47 116 2
57 107 2
57 210 2
57 262 2
58 152 2
62 48 2
66 279 2
67 165 2
73 191 2
75 50 2
76 117 2
76 220 2
77 172 2
78 254 2
79 235 2
79 268 2
82 103 2
85 41 2
86 204 2
89 78 2
91 117 2
92 19 2
99 106 2
109 85 2
110 65 2
112 118 2
119 50 2
122 363 2
127 381 2
128 406 2
144 365 2
148 3 2
148 412 2
160 390 2
160 440 2
162 4 2
169 433 2
179 400 2
181 387 2
185 430 2
190 414 2
199 59 2
199 454 2
201 392 2
201 432 2
205 486 2
216 472 2
220 36 2
225 413 2
231 407 2
233 27 2
234 4 2
235 393 2
237 459 2
251 96 2
255 283 2
263 453 2
268 421 2
269 325 2
273 12 2
274 341 2
278 442 2
282 114 2
284 71 2
285 224 2
286 418 2
290 55 2
290 271 2
291 336 2
302 252 2
303 418 2
304 45 2
304 93 2
304 398 2
306 77 2
308 330 2
309 230 2
312 3 2
315 444 2
317 385 2
320 317 2
322 218 2
324 404 2
327 31 2
328 437 2
329 203 2
329 374 2
331 235 2
332 9 2
333 260 2
333 488 2
334 309 2
336 471 2
338 185 2
339 298 2
346 359 2
348 421 2
349 176 2
349 285 2
351 253 2
358 236 2
361 153 2
369 352 2
374 398 2
375 159 2
383 142 2
387 367 2
401 190 2
403 144 2
403 477 2
408 161 2
425 256 2
427 308 2
429 8 2
429 338 2
430 34 2
431 238 2
432 51 2
432 289 2
433 51 2
440 312 2
443 202 2
443 326 2
449 58 2
451 214 2
452 336 2
457 71 2
457 322 2
466 471 2
468 51 2
468 453 2
470 486 2
475 301 2
478 108 2
480 435 2
483 285 2
484 227 2
488 20 2
488 243 2
489 260 2
13 329 3
15 406 3
17 105 3
21 453 3
41 127 3
47 10 3
50 476 3
70 137 3
71 135 3
80 7 3
102 325 3
102 335 3
103 162 3
111 295 3
112 176 3
113 148 3
114 335 3
118 197 3
124 438 3
132 116 3
132 175 3
139 83 3
140 49 3
148 160 3
149 26 3
151 261 3
153 34 3
159 109 3
167 58 3
174 101 3
174 263 3
175 238 3
179 91 3
180 318 3
207 123 3
210 211 3
216 223 3
233 107 3
235 357 3
245 141 3
246 54 3
255 371 3
261 78 3
281 171 3
286 401 3
288 16 3
290 390 3
308 357 3
319 137 3
326 81 3
347 335 3
369 113 3
374 315 3
375 5 3
382 53 3
391 286 3
399 58 3
399 83 3
404 329 3
405 240 3
406 304 3
414 286 3
416 404 3
417 212 3
442 461 3
480 133 3
488 93 3
488 204 3
