51 123 1
51 136 1
55 63 1
71 177 1
71 228 1
92 25 1
96 118 1
144 40 1
165 26 1
179 35 1
216 20 1
221 5 1
306 42 1
307 27 1
316 83 1
322 36 1
338 162 1
340 25 1
346 164 1
358 24 1
360 139 1
367 197 1
380 36 1
381 103 1
393 409 1
401 76 1
408 110 1
412 160 1
414 123 1
416 147 1
418 176 1
420 282 1
431 164 1
431 210 1
434 257 1
438 155 1
450 167 1
1 445 2
3 461 2
5 407 2
15 417 2
29 398 2
71 247 2
75 275 2
94 164 2
96 182 2
101 145 2
102 258 2
108 297 2
111 182 2
112 204 2
112 272 2
115 287 2
116 321 2
117 89 2
123 220 2
126 109 2
127 341 2
128 176 2
136 97 2
137 208 2
139 80 2
141 179 2
142 276 2
142 392 2
143 151 2
151 447 2
152 334 2
154 91 2
155 193 2
157 216 2
160 383 2
163 77 2
166 337 2
171 127 2
178 336 2
197 279 2
199 247 2
205 298 2
212 273 2
213 231 2
220 324 2
220 342 2
224 223 2
226 259 2
236 66 2
236 285 2
243 136 2
246 270 2
247 158 2
248 217 2
252 74 2
252 240 2
255 256 2
260 92 2
264 64 2
264 309 2
266 361 2
267 344 2
268 199 2
268 294 2
269 121 2
271 278 2
277 331 2
281 309 2
284 100 2
293 392 2
294 112 2
295 278 2
307 305 2
315 423 2
316 344 2
318 371 2
320 289 2
325 139 2
330 378 2
340 345 2
346 251 2
346 355 2
356 271 2
356 367 2
365 245 2
373 344 2
374 319 2
389 326 2
3 101 3
4 229 3
6 314 3
12 190 3
28 301 3
34 308 3
36 279 3
37 209 3
41 275 3
43 19 3
45 54 3
46 44 3
48 267 3
54 1 3
66 430 3
70 373 3
72 404 3
74 462 3
82 307 3
90 266 3
103 461 3
106 13 3
111 125 3
119 132 3
123 297 3
126 2 3
132 424 3
133 440 3
134 412 3
137 428 3
137 435 3
143 344 3
146 353 3
150 3 3
151 354 3
161 307 3
166 459 3
169 158 3
170 266 3
170 320 3
174 294 3
174 457 3
176 169 3
176 435 3
182 262 3
185 194 3
187 126 3
187 294 3
193 214 3
193 316 3
198 94 3
200 59 3
200 70 3
204 216 3
205 328 3
207 80 3
212 204 3
218 62 3
218 430 3
222 93 3
222 453 3
232 43 3
240 49 3
241 102 3
248 339 3
255 18 3
262 6 3
273 231 3
281 4 3
285 51 3
296 434 3
299 70 3
307 69 3
316 5 3
319 25 3
321 247 3
331 235 3
334 63 3
341 96 3
345 197 3
350 5 3
352 203 3
354 43 3
359 50 3
367 98 3
370 11 3
378 232 3
381 80 3
385 132 3
385 244 3
387 2 3
399 174 3
399 264 3
400 10 3
403 242 3
404 228 3
406 414 3
409 211 3
410 338 3
414 375 3
415 213 3
418 252 3
419 3 3
423 88 3
423 362 3
424 19 3
428 73 3
428 230 3
432 414 3
439 55 3
448 413 3
451 52 3
451 221 3
452 370 3
459 421 3
