1 191 1
1 314 1
4 203 1
14 292 1
19 181 1
19 315 1
20 224 1
20 470 1
25 194 1
28 204 1
30 159 1
30 265 1
31 172 1
33 224 1
34 188 1
34 235 1
36 367 1
37 211 1
37 348 1
38 250 1
41 327 1
44 199 1
45 182 1
48 228 1
49 344 1
50 138 1
50 163 1
51 357 1
54 192 1
55 210 1
58 252 1
59 129 1
61 261 1
61 381 1
61 413 1
62 370 1
66 149 1
66 179 1
67 210 1
72 264 1
72 397 1
73 280 1
80 312 1
80 389 1
81 263 1
81 418 1
81 485 1
83 347 1
85 278 1
86 135 1
86 400 1
87 150 1
91 203 1
92 328 1
92 484 1
93 307 1
93 423 1
94 296 1
96 213 1
96 404 1
100 262 1
102 470 1
102 482 1
104 261 1
105 238 1
106 307 1
106 437 1
107 413 1
109 134 1
109 279 1
110 261 1
111 149 1
111 318 1
112 293 1
113 165 1
114 247 1
115 178 1
115 472 1
117 306 1
118 345 1
118 488 1
119 282 1
121 430 1
122 444 1
122 465 1
124 199 1
124 265 1
124 319 1
125 186 1
127 362 1
127 453 1
131 172 1
132 340 1
135 271 1
140 288 1
140 417 1
140 457 1
140 467 1
143 316 1
146 357 1
149 345 1
152 401 1
161 347 1
164 381 1
165 318 1
169 367 1
170 467 1
172 463 1
175 476 1
182 357 1
183 400 1
188 372 1
197 327 1
199 381 1
207 407 1
208 393 1
212 473 1
214 488 1
224 165 1
233 310 1
234 477 1
242 488 1
248 476 1
267 438 1
268 193 1
270 31 1
271 31 1
274 484 1
279 449 1
283 33 1
286 269 1
288 284 1
288 298 1
289 433 1
290 462 1
292 74 1
302 28 1
302 438 1
304 408 1
305 479 1
308 315 1
323 275 1
337 338 1
338 223 1
352 209 1
355 462 1
472 285 1
491 117 1
2 155 2
13 237 2
83 177 2
98 112 2
100 170 2
103 191 2
119 114 2
130 241 2
141 248 2
143 221 2
151 276 2
153 189 2
154 112 2
161 205 2
166 254 2
169 192 2
170 160 2
172 223 2
176 178 2
176 283 2
185 302 2
187 141 2
191 169 2
218 248 2
227 194 2
240 291 2
252 267 2
262 7 2
265 271 2
282 7 2
282 152 2
291 130 2
300 178 2
302 151 2
306 283 2
2 181 3
8 136 3
10 113 3
13 1 3
17 12 3
20 453 3
27 324 3
29 435 3
30 290 3
30 485 3
36 403 3
38 123 3
39 451 3
55 277 3
61 285 3
64 459 3
65 347 3
68 234 3
68 330 3
73 198 3
74 162 3
74 440 3
75 222 3
77 373 3
80 24 3
86 464 3
87 245 3
90 227 3
90 378 3
91 446 3
96 345 3
103 368 3
108 392 3
117 222 3
124 24 3
124 411 3
128 7 3
135 482 3
136 389 3
142 373 3
147 432 3
149 150 3
154 91 3
155 11 3
155 24 3
156 485 3
158 324 3
176 273 3
177 15 3
184 417 3
185 439 3
186 92 3
191 103 3
192 8 3
194 287 3
195 437 3
196 418 3
203 451 3
206 360 3
207 345 3
207 462 3
208 138 3
208 314 3
209 434 3
211 62 3
214 158 3
219 127 3
219 410 3
220 10 3
229 275 3
230 366 3
233 10 3
243 395 3
245 36 3
246 366 3
249 229 3
264 226 3
269 204 3
278 372 3
279 416 3
284 344 3
288 217 3
292 244 3
303 81 3
303 344 3
305 345 3
308 258 3
318 223 3
320 385 3
321 385 3
322 324 3
323 369 3
324 310 3
331 57 3
333 184 3
336 30 3
336 86 3
337 42 3
337 148 3
349 71 3
356 64 3
363 360 3
364 378 3
378 3 3
380 361 3
380 480 3
391 284 3
395 121 3
397 313 3
397 413 3
402 23 3
405 461 3
409 474 3
411 389 3
418 12 3
429 260 3
433 270 3
436 2 3
439 203 3
442 83 3
448 335 3
454 444 3
455 64 3
456 416 3
457 473 3
459 236 3
460 209 3
461 406 3
481 13 3
481 75 3
481 432 3
489 479 3
