69 131 1
164 275 1
180 348 1
290 201 1
369 41 1
404 340 1
462 218 1
2 66 2
2 217 2
3 118 2
3 201 2
3 231 2
4 249 2
6 177 2
7 448 2
8 421 2
9 365 2
10 38 2
10 83 2
12 202 2
14 6 2
15 432 2
18 176 2
20 283 2
20 313 2
20 422 2
20 465 2
29 196 2
33 438 2
34 76 2
37 279 2
39 177 2
40 388 2
42 13 2
45 145 2
48 287 2
49 222 2
50 64 2
54 386 2
55 2 2
57 474 2
64 53 2
64 176 2
64 280 2
66 67 2
67 152 2
68 225 2
72 397 2
79 295 2
79 387 2
80 43 2
80 61 2
81 404 2
86 130 2
86 483 2
92 382 2
95 247 2
96 42 2
97 289 2
98 326 2
98 442 2
103 135 2
104 37 2
108 409 2
110 380 2
115 78 2
118 35 2
118 243 2
118 433 2
119 407 2
120 51 2
121 141 2
122 296 2
129 85 2
129 190 2
131 266 2
134 309 2
134 410 2
135 247 2
137 30 2
137 61 2
141 213 2
142 384 2
146 238 2
148 483 2
149 424 2
150 179 2
151 307 2
153 267 2
154 351 2
156 332 2
156 406 2
157 80 2
158 52 2
158 146 2
162 476 2
164 379 2
166 216 2
169 329 2
171 420 2
177 266 2
179 472 2
180 25 2
181 4 2
182 134 2
183 375 2
184 100 2
185 331 2
186 149 2
187 403 2
191 423 2
192 214 2
194 257 2
194 465 2
195 177 2
199 68 2
199 335 2
200 125 2
205 104 2
206 410 2
207 424 2
208 143 2
211 23 2
211 312 2
214 219 2
217 369 2
218 117 2
218 223 2
221 322 2
221 410 2
222 22 2
222 334 2
223 161 2
227 308 2
229 285 2
231 112 2
232 18 2
234 66 2
237 429 2
239 157 2
242 55 2
242 411 2
242 488 2
247 131 2
251 359 2
255 114 2
255 486 2
258 74 2
258 383 2
260 164 2
260 220 2
263 438 2
276 161 2
276 209 2
276 267 2
276 480 2
277 430 2
279 119 2
280 397 2
283 305 2
286 73 2
292 116 2
293 1 2
300 149 2
301 66 2
303 271 2
303 299 2
308 476 2
309 375 2
309 393 2
315 133 2
317 299 2
318 67 2
320 329 2
327 272 2
328 7 2
328 395 2
329 262 2
330 123 2
330 342 2
330 476 2
332 360 2
333 217 2
336 76 2
337 293 2
340 338 2
345 3 2
345 210 2
345 270 2
345 354 2
347 230 2
348 373 2
350 274 2
351 314 2
351 484 2
354 68 2
354 253 2
359 30 2
361 363 2
362 14 2
362 458 2
363 270 2
363 375 2
365 221 2
369 243 2
370 472 2
372 415 2
373 81 2
378 339 2
381 260 2
382 6 2
383 488 2
385 349 2
391 396 2
394 89 2
394 202 2
396 265 2
397 433 2
400 296 2
403 473 2
407 443 2
410 202 2
411 96 2
414 235 2
414 457 2
415 289 2
416 273 2
419 422 2
425 483 2
426 157 2
430 296 2
435 53 2
435 475 2
436 382 2
437 71 2
454 48 2
456 191 2
459 20 2
462 471 2
465 295 2
465 442 2
467 410 2
473 262 2
474 269 2
476 219 2
484 341 2
485 466 2
487 386 2
489 357 2
3 279 3
14 115 3
33 323 3
40 304 3
47 399 3
50 79 3
50 194 3
56 403 3
61 349 3
66 424 3
70 413 3
84 236 3
85 172 3
101 182 3
101 235 3
106 92 3
106 362 3
111 192 3
113 75 3
115 92 3
115 316 3
119 458 3
124 328 3
129 347 3
130 220 3
139 347 3
150 133 3
175 391 3
178 170 3
206 168 3
210 62 3
214 258 3
215 40 3
217 38 3
223 190 3
225 47 3
231 241 3
240 240 3
241 464 3
242 309 3
243 266 3
245 224 3
250 300 3
258 421 3
264 314 3
270 190 3
273 477 3
278 180 3
287 415 3
288 257 3
291 223 3
305 246 3
314 208 3
316 342 3
318 53 3
318 363 3
320 181 3
322 426 3
336 419 3
339 184 3
342 472 3
344 401 3
345 458 3
349 466 3
350 183 3
351 341 3
353 412 3
357 184 3
357 389 3
364 118 3
378 429 3
384 132 3
389 293 3
389 373 3
390 27 3
394 353 3
397 88 3
412 365 3
428 263 3
431 178 3
432 418 3
433 429 3
435 249 3
435 332 3
435 395 3
441 421 3
444 39 3
447 164 3
447 269 3
449 426 3
477 74 3
477 120 3
479 323 3
482 302 3
483 283 3
489 324 3
