151 110 1
382 488 1
476 450 1
1 179 2
2 212 2
2 224 2
3 18 2
3 371 2
5 448 2
6 386 2
7 280 2
8 185 2
8 421 2
14 405 2
16 7 2
20 23 2
20 441 2
22 260 2
23 79 2
27 425 2
28 374 2
34 286 2
39 57 2
41 360 2
43 429 2
44 271 2
44 446 2
47 64 2
51 413 2
53 190 2
58 7 2
58 392 2
59 44 2
61 73 2
61 430 2
62 165 2
68 204 2
70 147 2
72 115 2
73 302 2
78 388 2
78 472 2
79 482 2
82 425 2
83 227 2
86 106 2
88 16 2
90 288 2
91 176 2
92 375 2
94 473 2
96 83 2
96 146 2
97 420 2
100 209 2
104 3 2
106 229 2
106 389 2
109 468 2
111 106 2
112 280 2
112 450 2
119 16 2
120 464 2
123 155 2
123 202 2
124 94 2
124 285 2
125 109 2
125 361 2
128 383 2
132 58 2
132 340 2
132 458 2
135 6 2
139 356 2
139 425 2
140 239 2
140 335 2
146 38 2
147 452 2
148 257 2
153 357 2
153 419 2
154 196 2
156 27 2
157 321 2
159 161 2
163 378 2
166 429 2
168 288 2
172 274 2
173 165 2
173 341 2
174 417 2
176 108 2
177 96 2
182 70 2
185 238 2
187 203 2
189 409 2
192 48 2
195 335 2
196 25 2
199 144 2
202 107 2
203 265 2
203 428 2
207 38 2
207 186 2
209 196 2
212 378 2
215 5 2
215 254 2
217 325 2
224 100 2
224 414 2
226 80 2
226 385 2
228 244 2
228 370 2
230 439 2
232 35 2
232 172 2
239 215 2
239 304 2
239 407 2
240 7 2
241 266 2
242 73 2
243 335 2
248 260 2
253 295 2
256 332 2
261 77 2
261 363 2
264 157 2
264 395 2
269 266 2
271 61 2
273 251 2
279 302 2
280 366 2
282 205 2
285 36 2
285 165 2
286 68 2
288 103 2
289 257 2
290 300 2
294 182 2
294 360 2
295 51 2
300 94 2
302 214 2
303 296 2
305 378 2
308 68 2
308 355 2
313 47 2
315 282 2
316 235 2
320 218 2
322 265 2
328 98 2
336 86 2
338 188 2
339 25 2
344 321 2
346 179 2
348 334 2
349 168 2
351 74 2
354 485 2
355 13 2
355 258 2
362 37 2
365 153 2
367 17 2
372 256 2
373 217 2
377 13 2
377 133 2
380 301 2
388 39 2
391 115 2
394 252 2
398 26 2
401 5 2
401 98 2
408 245 2
412 110 2
413 235 2
415 4 2
417 279 2
420 264 2
424 137 2
424 230 2
429 68 2
429 315 2
431 210 2
435 122 2
448 295 2
451 285 2
452 186 2
453 165 2
458 202 2
460 308 2
464 63 2
470 127 2
470 289 2
472 271 2
474 36 2
479 102 2
479 117 2
481 395 2
485 221 2
10 301 3
13 100 3
19 163 3
25 126 3
27 109 3
50 217 3
70 245 3
71 241 3
89 253 3
119 155 3
119 260 3
138 297 3
149 301 3
206 14 3
208 11 3
210 491 3
263 113 3
269 121 3
281 484 3
288 126 3
310 164 3
316 482 3
321 140 3
326 478 3
327 430 3
331 460 3
337 423 3
348 373 3
364 382 3
378 472 3
384 68 3
398 431 3
403 65 3
429 435 3
439 13 3
439 348 3
454 104 3
469 401 3
