25 371 1
3 171 2
6 287 2
7 131 2
7 227 2
12 49 2
13 145 2
14 210 2
14 255 2
18 74 2
20 241 2
23 175 2
23 302 2
25 111 2
26 275 2
33 155 2
34 6 2
34 90 2
34 103 2
36 131 2
40 71 2
42 343 2
43 114 2
46 227 2
49 33 2
50 61 2
52 320 2
54 89 2
58 296 2
64 154 2
65 119 2
66 11 2
66 171 2
69 269 2
70 215 2
71 100 2
72 56 2
75 42 2
76 74 2
77 201 2
80 332 2
82 238 2
82 239 2
85 209 2
86 114 2
86 290 2
92 138 2
93 96 2
95 316 2
97 58 2
98 233 2
100 115 2
103 258 2
104 342 2
105 208 2
109 17 2
116 71 2
116 281 2
119 152 2
122 466 2
123 339 2
124 137 2
124 294 2
124 366 2
126 226 2
127 188 2
130 124 2
131 241 2
133 51 2
135 98 2
138 307 2
142 445 2
144 9 2
146 43 2
151 325 2
152 199 2
154 87 2
158 108 2
158 475 2
160 142 2
160 444 2
162 237 2
164 61 2
165 312 2
167 27 2
169 256 2
170 81 2
172 168 2
173 227 2
174 128 2
176 2 2
178 212 2
180 426 2
183 101 2
183 200 2
184 485 2
185 282 2
186 465 2
191 185 2
194 44 2
196 5 2
197 152 2
197 227 2
203 133 2
205 272 2
208 28 2
209 104 2
210 177 2
213 216 2
215 238 2
216 57 2
217 474 2
219 160 2
224 256 2
226 121 2
228 90 2
228 193 2
232 446 2
236 236 2
237 156 2
239 40 2
242 14 2
243 63 2
244 177 2
246 426 2
251 204 2
252 143 2
254 3 2
254 480 2
256 443 2
260 84 2
261 108 2
263 168 2
267 152 2
267 466 2
268 26 2
272 55 2
273 70 2
280 40 2
280 127 2
280 484 2
281 376 2
282 14 2
282 420 2
284 141 2
285 81 2
286 3 2
290 107 2
292 472 2
301 120 2
303 93 2
303 463 2
304 337 2
306 398 2
306 427 2
307 33 2
307 49 2
310 4 2
310 375 2
318 19 2
320 35 2
321 395 2
327 66 2
330 431 2
331 447 2
332 46 2
335 356 2
336 32 2
336 333 2
337 406 2
341 467 2
343 291 2
346 322 2
346 385 2
351 265 2
354 348 2
354 439 2
363 317 2
363 407 2
366 381 2
368 331 2
376 274 2
377 351 2
380 319 2
383 224 2
383 410 2
383 456 2
385 385 2
386 438 2
387 364 2
393 264 2
396 298 2
397 280 2
397 341 2
400 457 2
401 200 2
404 355 2
406 228 2
410 426 2
411 175 2
411 318 2
412 249 2
413 444 2
420 286 2
420 406 2
422 205 2
424 167 2
424 337 2
426 124 2
427 86 2
429 475 2
430 241 2
430 393 2
433 100 2
434 353 2
436 141 2
436 408 2
438 194 2
439 327 2
441 421 2
442 117 2
442 304 2
443 77 2
444 51 2
444 486 2
445 32 2
446 253 2
446 372 2
448 216 2
450 181 2
452 346 2
456 237 2
458 286 2
461 15 2
461 133 2
462 67 2
466 345 2
467 150 2
468 310 2
470 224 2
480 134 2
481 341 2
482 318 2
483 359 2
484 162 2
484 177 2
485 237 2
486 418 2
490 378 2
5 391 3
9 433 3
21 463 3
37 412 3
57 351 3
96 402 3
103 364 3
103 426 3
122 436 3
140 356 3
199 371 3
201 358 3
222 346 3
229 316 3
240 293 3
244 364 3
249 281 3
256 323 3
260 294 3
262 275 3
276 311 3
277 275 3
279 390 3
288 294 3
300 216 3
303 258 3
304 191 3
305 280 3
310 242 3
320 192 3
327 256 3
329 206 3
332 141 3
333 246 3
333 249 3
334 103 3
338 128 3
345 209 3
348 175 3
353 76 3
354 108 3
355 166 3
358 23 3
358 33 3
363 52 3
364 153 3
365 14 3
366 192 3
370 113 3
370 143 3
373 166 3
376 92 3
384 77 3
384 122 3
385 103 3
386 38 3
396 12 3
407 29 3
415 143 3
