4 259 1
4 385 1
6 163 1
9 285 1
10 367 1
11 224 1
11 302 1
12 129 1
13 195 1
15 59 1
16 154 1
16 485 1
27 363 1
29 189 1
29 312 1
30 300 1
33 267 1
36 176 1
38 281 1
45 256 1
46 409 1
47 420 1
48 93 1
48 146 1
52 4 1
53 333 1
54 288 1
55 70 1
56 273 1
57 235 1
58 439 1
61 171 1
63 188 1
64 283 1
65 0 1
65 56 1
65 332 1
66 125 1
66 136 1
70 349 1
71 104 1
71 312 1
72 57 1
73 195 1
73 465 1
75 95 1
75 333 1
76 229 1
79 123 1
82 278 1
82 444 1
83 15 1
83 60 1
86 28 1
87 96 1
87 322 1
89 87 1
90 263 1
91 421 1
94 43 1
94 51 1
95 175 1
95 409 1
96 270 1
96 279 1
100 73 1
102 396 1
103 214 1
106 426 1
107 3 1
107 151 1
108 98 1
108 137 1
109 272 1
111 36 1
111 49 1
112 487 1
114 284 1
116 414 1
119 315 1
120 34 1
120 126 1
120 291 1
120 341 1
122 63 1
122 486 1
125 307 1
129 117 1
129 317 1
130 276 1
131 77 1
131 251 1
132 432 1
135 34 1
135 285 1
135 293 1
137 45 1
140 299 1
141 65 1
150 44 1
151 336 1
152 68 1
152 291 1
152 420 1
157 326 1
160 57 1
160 304 1
163 332 1
163 347 1
164 41 1
166 450 1
168 341 1
170 385 1
172 460 1
174 27 1
174 358 1
180 367 1
182 332 1
185 32 1
187 407 1
187 435 1
188 362 1
189 376 1
189 393 1
195 412 1
196 387 1
196 449 1
204 397 1
205 420 1
205 463 1
208 72 1
209 56 1
211 428 1
212 471 1
214 397 1
215 408 1
216 381 1
217 41 1
217 358 1
217 372 1
220 24 1
222 415 1
223 84 1
224 385 1
225 98 1
225 446 1
231 7 1
231 50 1
231 119 1
231 389 1
237 383 1
239 87 1
239 109 1
250 106 1
251 393 1
252 135 1
253 145 1
254 383 1
261 180 1
262 155 1
264 134 1
266 15 1
267 114 1
268 76 1
268 337 1
268 405 1
271 465 1
273 185 1
276 120 1
277 319 1
278 413 1
280 353 1
280 390 1
281 93 1
281 134 1
282 473 1
283 422 1
283 452 1
283 464 1
284 399 1
285 333 1
285 432 1
286 360 1
287 370 1
289 387 1
290 148 1
291 65 1
291 222 1
293 475 1
294 99 1
294 213 1
294 379 1
295 339 1
295 352 1
296 436 1
300 205 1
303 360 1
303 483 1
304 156 1
304 372 1
305 140 1
305 429 1
307 215 1
309 440 1
310 366 1
311 455 1
312 72 1
313 105 1
313 166 1
313 226 1
313 382 1
314 154 1
314 200 1
316 88 1
316 360 1
316 396 1
316 476 1
317 118 1
321 352 1
322 142 1
325 84 1
325 157 1
325 437 1
326 95 1
326 109 1
326 177 1
326 219 1
327 399 1
328 35 1
329 174 1
330 127 1
330 459 1
333 356 1
333 385 1
333 485 1
334 445 1
335 204 1
336 120 1
336 466 1
337 234 1
338 172 1
339 218 1
341 70 1
341 407 1
343 94 1
343 137 1
343 454 1
345 112 1
348 201 1
349 80 1
349 157 1
351 104 1
351 401 1
353 348 1
353 485 1
354 71 1
354 127 1
357 146 1
359 360 1
365 45 1
366 112 1
366 486 1
367 393 1
369 149 1
373 141 1
373 185 1
374 345 1
375 176 1
375 374 1
376 368 1
376 488 1
379 166 1
381 132 1
382 341 1
386 330 1
386 463 1
387 151 1
387 315 1
389 283 1
389 449 1
390 97 1
391 301 1
392 109 1
392 182 1
392 205 1
393 378 1
394 360 1
395 482 1
397 333 1
400 298 1
400 317 1
400 432 1
403 368 1
404 265 1
404 281 1
406 224 1
406 339 1
407 121 1
408 191 1
408 210 1
409 131 1
410 108 1
413 471 1
415 201 1
415 222 1
417 354 1
418 278 1
419 193 1
420 52 1
422 300 1
424 478 1
425 240 1
426 30 1
426 208 1
427 222 1
427 258 1
429 291 1
429 380 1
436 166 1
436 270 1
437 88 1
443 277 1
445 140 1
445 160 1
451 129 1
451 179 1
453 215 1
455 164 1
465 206 1
470 312 1
471 155 1
471 177 1
476 372 1
477 330 1
477 474 1
482 55 1
486 264 1
488 160 1
144 206 2
144 463 2
148 174 2
150 224 2
153 118 2
158 166 2
161 212 2
163 133 2
164 241 2
167 251 2
169 113 2
174 150 2
182 279 2
183 132 2
183 202 2
184 224 2
190 241 2
192 256 2
196 301 2
200 134 2
200 166 2
201 341 2
202 198 2
205 271 2
206 111 2
209 223 2
213 295 2
219 241 2
223 174 2
224 233 2
224 318 2
224 335 2
229 142 2
232 292 2
236 207 2
236 257 2
240 183 2
242 278 2
244 221 2
253 232 2
257 253 2
270 287 2
276 240 2
284 251 2
297 287 2
300 240 2
305 261 2
310 329 2
317 293 2
337 293 2
342 326 2
346 254 2
353 307 2
424 439 2
433 456 2
448 443 2
450 460 2
453 422 2
456 477 2
1 144 3
2 3 3
3 462 3
4 397 3
6 89 3
6 318 3
6 421 3
15 10 3
16 430 3
19 263 3
22 94 3
23 205 3
26 135 3
26 345 3
28 125 3
29 232 3
30 332 3
33 216 3
34 98 3
34 348 3
35 327 3
36 430 3
37 395 3
38 10 3
38 302 3
38 417 3
38 428 3
38 468 3
39 128 3
39 154 3
40 129 3
40 164 3
41 216 3
42 216 3
42 382 3
43 16 3
44 209 3
46 320 3
47 170 3
49 207 3
51 180 3
51 188 3
53 19 3
55 55 3
56 43 3
56 219 3
56 296 3
56 410 3
58 302 3
58 360 3
58 421 3
59 398 3
60 208 3
64 480 3
65 88 3
66 9 3
66 158 3
67 17 3
69 24 3
69 377 3
70 255 3
70 405 3
72 75 3
74 139 3
74 218 3
74 424 3
75 266 3
75 367 3
75 487 3
79 147 3
79 296 3
83 160 3
87 201 3
87 213 3
91 191 3
91 298 3
92 462 3
93 234 3
95 347 3
95 387 3
102 305 3
102 363 3
104 237 3
106 120 3
108 59 3
109 297 3
110 23 3
112 189 3
112 202 3
113 383 3
114 169 3
116 453 3
117 435 3
118 151 3
122 255 3
126 28 3
126 208 3
126 358 3
127 185 3
128 237 3
130 95 3
131 457 3
134 349 3
135 327 3
137 392 3
138 403 3
140 318 3
141 6 3
141 425 3
144 262 3
145 83 3
145 410 3
147 327 3
147 386 3
149 29 3
149 351 3
150 313 3
152 280 3
152 439 3
155 380 3
158 474 3
159 395 3
160 27 3
161 195 3
164 1 3
164 88 3
165 8 3
165 315 3
170 324 3
176 427 3
178 6 3
180 94 3
180 416 3
180 446 3
182 52 3
183 477 3
186 425 3
187 16 3
188 73 3
189 5 3
198 96 3
201 27 3
204 356 3
219 12 3
227 406 3
229 355 3
229 482 3
233 73 3
234 421 3
235 434 3
236 486 3
239 416 3
242 13 3
242 367 3
244 458 3
246 340 3
247 154 3
248 482 3
250 346 3
251 433 3
252 74 3
253 95 3
253 462 3
256 444 3
257 366 3
257 410 3
259 167 3
262 83 3
264 66 3
267 48 3
268 103 3
268 351 3
268 388 3
269 195 3
272 164 3
274 67 3
274 426 3
276 304 3
283 160 3
284 25 3
284 44 3
284 199 3
287 121 3
290 170 3
296 196 3
296 312 3
296 458 3
300 399 3
301 181 3
303 416 3
304 36 3
304 78 3
305 122 3
307 406 3
309 174 3
311 115 3
314 184 3
322 41 3
324 420 3
333 425 3
337 56 3
337 180 3
338 45 3
339 420 3
344 27 3
346 187 3
347 433 3
349 36 3
353 227 3
353 238 3
354 458 3
356 443 3
360 232 3
361 436 3
362 464 3
363 320 3
363 406 3
364 26 3
366 96 3
367 416 3
369 311 3
370 102 3
372 270 3
373 62 3
374 92 3
374 121 3
374 407 3
374 425 3
374 464 3
375 40 3
378 251 3
379 80 3
381 3 3
384 54 3
385 187 3
389 192 3
389 217 3
389 258 3
404 398 3
404 451 3
408 24 3
411 180 3
414 162 3
414 309 3
414 382 3
414 413 3
425 17 3
425 418 3
426 338 3
429 48 3
430 137 3
432 364 3
434 321 3
437 229 3
439 197 3
439 214 3
442 181 3
446 89 3
447 57 3
447 313 3
450 11 3
450 88 3
455 140 3
457 108 3
458 330 3
459 344 3
461 388 3
462 231 3
463 9 3
464 28 3
464 90 3
464 290 3
464 317 3
464 370 3
465 360 3
467 269 3
468 110 3
471 228 3
473 1 3
473 56 3
473 133 3
473 249 3
476 313 3
479 106 3
480 10 3
483 37 3
483 198 3
484 139 3
485 277 3
486 179 3
486 215 3
488 96 3
488 162 3
