91 13 1
164 8 1
256 117 1
265 91 1
273 22 1
278 2 1
279 122 1
280 33 1
281 317 1
282 85 1
289 47 1
292 123 1
295 92 1
299 65 1
306 79 1
307 106 1
315 96 1
317 85 1
319 114 1
329 107 1
334 164 1
338 124 1
339 59 1
341 135 1
343 156 1
349 103 1
350 131 1
352 161 1
352 175 1
353 1 1
353 77 1
356 90 1
359 184 1
366 3 1
368 92 1
370 457 1
373 48 1
373 102 1
380 10 1
383 119 1
386 237 1
387 136 1
388 33 1
393 46 1
394 240 1
395 58 1
398 16 1
398 121 1
401 3 1
404 161 1
404 230 1
406 36 1
406 346 1
411 262 1
423 43 1
431 166 1
432 190 1
435 147 1
438 230 1
439 84 1
440 97 1
443 66 1
443 210 1
444 175 1
446 161 1
448 6 1
451 195 1
453 187 1
454 109 1
457 237 1
460 200 1
463 62 1
467 99 1
474 19 1
478 40 1
67 355 2
72 334 2
75 300 2
80 372 2
88 294 2
92 253 2
92 314 2
93 275 2
95 387 2
98 363 2
107 408 2
108 216 2
108 435 2
110 261 2
115 360 2
118 461 2
121 205 2
122 389 2
124 426 2
125 322 2
126 228 2
130 259 2
135 172 2
137 351 2
137 448 2
137 482 2
139 217 2
141 183 2
142 418 2
144 317 2
147 253 2
150 291 2
151 471 2
153 372 2
154 212 2
154 263 2
157 339 2
159 395 2
159 435 2
164 174 2
166 290 2
166 457 2
168 480 2
169 359 2
170 195 2
175 216 2
180 310 2
188 172 2
191 296 2
193 333 2
194 440 2
194 459 2
195 347 2
200 395 2
208 412 2
208 444 2
209 214 2
210 174 2
210 374 2
221 268 2
224 249 2
227 396 2
232 343 2
234 365 2
17 98 3
40 315 3
47 332 3
55 391 3
56 273 3
61 292 3
65 253 3
68 240 3
68 274 3
70 90 3
79 103 3
79 400 3
82 231 3
85 156 3
90 52 3
91 209 3
92 120 3
93 61 3
99 46 3
99 136 3
111 169 3
118 478 3
124 488 3
125 83 3
159 142 3
185 45 3
192 21 3
194 69 3
194 161 3
201 484 3
204 90 3
204 468 3
212 152 3
222 191 3
223 42 3
227 221 3
230 287 3
255 48 3
256 35 3
257 258 3
267 9 3
268 263 3
274 301 3
284 267 3
299 381 3
300 10 3
308 144 3
309 309 3
311 155 3
312 2 3
316 235 3
317 129 3
318 73 3
319 148 3
333 234 3
337 215 3
344 29 3
351 116 3
354 198 3
357 400 3
359 53 3
362 24 3
365 424 3
368 313 3
371 141 3
380 57 3
385 103 3
389 307 3
393 428 3
396 443 3
400 174 3
401 136 3
401 198 3
406 446 3
410 53 3
410 170 3
410 315 3
410 374 3
414 279 3
414 356 3
420 74 3
420 167 3
420 438 3
422 13 3
425 95 3
433 418 3
437 20 3
438 156 3
441 240 3
443 113 3
444 328 3
445 41 3
450 303 3
458 79 3
458 167 3
464 217 3
468 120 3
471 226 3
476 107 3
478 270 3
481 24 3
482 284 3
483 59 3
483 135 3
485 295 3
486 105 3
