199 87 1
11 475 3
58 330 3
73 328 3
75 55 3
79 67 3
121 189 3
128 184 3
129 196 3
141 161 3
145 213 3
145 487 3
152 157 3
161 154 3
170 164 3
171 127 3
174 256 3
181 159 3
188 155 3
191 134 3
209 96 3
214 114 3
224 74 3
225 131 3
236 489 3
245 61 3
252 110 3
256 94 3
258 131 3
259 103 3
271 70 3
271 99 3
271 123 3
276 53 3
297 68 3
304 55 3
307 80 3
318 25 3
325 44 3
338 298 3
339 57 3
349 157 3
352 480 3
363 21 3
366 2 3
366 65 3
375 35 3
379 52 3
395 4 3
411 417 3
433 31 3
438 6 3
441 487 3
446 55 3
447 25 3
457 19 3
462 49 3
472 332 3
