192 120 1
4 223 2
5 283 2
8 266 2
9 302 2
11 439 2
12 401 2
12 460 2
13 256 2
15 362 2
15 488 2
20 68 2
20 473 2
24 242 2
25 388 2
27 321 2
28 208 2
29 347 2
32 68 2
34 286 2
34 441 2
36 242 2
40 361 2
40 427 2
41 391 2
43 310 2
45 124 2
45 196 2
45 329 2
50 363 2
52 418 2
54 258 2
54 380 2
55 221 2
57 281 2
58 124 2
60 362 2
62 111 2
62 315 2
63 328 2
64 301 2
65 386 2
69 243 2
75 425 2
76 278 2
77 337 2
83 305 2
85 419 2
86 268 2
86 484 2
92 317 2
92 389 2
93 354 2
95 289 2
95 329 2
95 414 2
98 227 2
98 381 2
99 305 2
101 257 2
102 431 2
104 216 2
107 276 2
107 322 2
111 288 2
111 355 2
112 383 2
114 302 2
115 257 2
119 326 2
122 159 2
122 269 2
123 343 2
128 245 2
130 274 2
131 385 2
132 368 2
134 349 2
137 331 2
140 262 2
140 408 2
141 248 2
145 357 2
147 283 2
148 106 2
148 338 2
152 181 2
153 229 2
153 272 2
155 249 2
157 305 2
158 362 2
160 433 2
160 488 2
161 321 2
161 342 2
162 107 2
164 222 2
164 294 2
166 375 2
167 240 2
168 203 2
170 254 2
171 315 2
171 329 2
171 354 2
177 212 2
177 285 2
177 299 2
181 309 2
184 224 2
185 337 2
187 32 2
187 194 2
188 290 2
188 349 2
190 365 2
191 253 2
196 219 2
196 322 2
198 306 2
199 284 2
200 337 2
201 210 2
204 349 2
207 272 2
207 296 2
209 248 2
211 361 2
213 337 2
214 223 2
214 312 2
216 193 2
217 256 2
221 324 2
223 273 2
223 344 2
224 245 2
225 414 2
225 426 2
228 40 2
231 110 2
231 305 2
233 338 2
233 382 2
233 479 2
235 462 2
236 256 2
238 405 2
242 198 2
249 309 2
250 195 2
251 47 2
251 291 2
252 236 2
252 265 2
253 164 2
253 427 2
254 251 2
254 281 2
257 193 2
258 323 2
258 396 2
260 240 2
261 407 2
262 180 2
266 276 2
266 292 2
266 318 2
270 245 2
270 260 2
273 47 2
273 303 2
273 425 2
277 103 2
277 231 2
278 285 2
278 415 2
280 319 2
282 299 2
282 398 2
282 474 2
286 254 2
288 54 2
288 228 2
294 274 2
294 311 2
294 409 2
295 464 2
298 252 2
300 290 2
302 102 2
304 200 2
306 280 2
306 337 2
310 241 2
310 263 2
311 307 2
312 116 2
313 218 2
315 362 2
315 471 2
319 346 2
323 328 2
324 293 2
325 262 2
325 359 2
326 461 2
331 69 2
334 328 2
336 268 2
338 222 2
341 235 2
342 357 2
344 278 2
347 209 2
349 465 2
350 353 2
351 265 2
352 250 2
352 321 2
353 234 2
353 334 2
354 280 2
354 300 2
362 483 2
363 257 2
363 389 2
364 203 2
364 456 2
365 226 2
366 214 2
366 270 2
367 294 2
373 279 2
373 347 2
376 253 2
381 294 2
384 272 2
384 395 2
389 178 2
389 209 2
390 324 2
390 472 2
392 262 2
395 296 2
396 282 2
398 392 2
399 432 2
402 175 2
406 243 2
407 260 2
408 285 2
408 451 2
413 81 2
413 222 2
418 155 2
418 240 2
422 90 2
423 282 2
423 327 2
425 304 2
425 458 2
427 258 2
428 484 2
429 219 2
431 275 2
433 314 2
440 281 2
442 258 2
443 362 2
446 308 2
447 330 2
448 377 2
449 154 2
449 248 2
451 103 2
454 276 2
454 444 2
456 355 2
457 187 2
459 237 2
470 279 2
471 297 2
473 109 2
473 349 2
474 241 2
479 432 2
481 218 2
486 130 2
487 199 2
489 267 2
2 176 3
18 330 3
19 163 3
36 475 3
55 187 3
57 147 3
62 453 3
70 355 3
70 464 3
72 448 3
75 474 3
95 93 3
118 43 3
120 472 3
135 458 3
138 442 3
154 445 3
159 407 3
160 471 3
180 474 3
182 101 3
186 160 3
194 404 3
194 471 3
199 104 3
207 72 3
208 442 3
213 171 3
214 149 3
216 111 3
225 123 3
232 170 3
241 358 3
249 414 3
251 351 3
266 446 3
271 346 3
273 118 3
273 443 3
278 134 3
286 351 3
289 212 3
290 338 3
296 348 3
298 209 3
301 143 3
317 136 3
320 204 3
328 172 3
329 201 3
331 434 3
332 197 3
337 383 3
340 189 3
342 139 3
351 186 3
362 133 3
367 74 3
372 145 3
376 133 3
376 429 3
384 428 3
387 415 3
393 13 3
400 23 3
402 365 3
408 142 3
414 199 3
417 209 3
426 205 3
462 205 3
467 59 3
469 173 3
483 8 3
