188 223 1
304 168 1
339 472 1
344 465 1
4 149 2
5 355 2
6 304 2
7 409 2
9 60 2
9 206 2
10 78 2
10 380 2
12 342 2
14 406 2
15 5 2
22 102 2
22 126 2
23 243 2
23 309 2
25 378 2
28 19 2
30 151 2
31 329 2
32 168 2
33 356 2
36 71 2
36 408 2
38 186 2
39 101 2
45 301 2
45 450 2
50 129 2
50 361 2
52 251 2
53 392 2
54 162 2
58 23 2
59 433 2
60 240 2
63 346 2
64 268 2
66 384 2
68 450 2
69 218 2
70 115 2
74 10 2
80 27 2
82 257 2
84 276 2
84 308 2
85 372 2
85 443 2
87 95 2
88 142 2
88 288 2
88 347 2
89 461 2
90 245 2
90 397 2
97 182 2
97 481 2
100 298 2
102 315 2
105 105 2
107 379 2
108 162 2
109 451 2
110 269 2
112 473 2
113 219 2
113 434 2
117 246 2
118 139 2
119 27 2
120 337 2
122 110 2
128 199 2
128 315 2
128 392 2
130 11 2
132 276 2
132 491 2
133 67 2
133 466 2
137 132 2
137 157 2
138 430 2
140 39 2
144 77 2
145 96 2
148 298 2
148 319 2
148 345 2
150 260 2
151 440 2
155 122 2
162 203 2
162 482 2
164 376 2
164 393 2
166 243 2
166 445 2
167 307 2
167 340 2
171 15 2
175 225 2
176 154 2
177 491 2
179 294 2
181 36 2
185 53 2
189 270 2
192 501 2
194 328 2
195 83 2
197 390 2
198 305 2
209 225 2
210 457 2
211 7 2
213 88 2
216 354 2
217 424 2
220 23 2
220 292 2
222 129 2
222 371 2
224 491 2
225 255 2
225 389 2
226 69 2
228 448 2
230 242 2
232 184 2
232 407 2
236 204 2
240 462 2
242 72 2
242 112 2
243 50 2
244 15 2
244 168 2
246 423 2
250 400 2
253 245 2
258 229 2
260 136 2
266 28 2
267 391 2
269 434 2
270 468 2
270 486 2
271 178 2
274 9 2
274 238 2
280 271 2
280 442 2
281 160 2
283 379 2
287 297 2
287 478 2
296 249 2
297 30 2
300 192 2
300 234 2
300 369 2
302 9 2
302 269 2
303 55 2
311 85 2
311 408 2
316 421 2
317 291 2
317 326 2
320 391 2
322 71 2
323 256 2
324 8 2
328 182 2
328 364 2
330 146 2
331 28 2
332 14 2
333 348 2
336 422 2
338 283 2
340 392 2
342 50 2
343 205 2
348 246 2
349 68 2
351 24 2
352 334 2
352 367 2
352 389 2
357 133 2
357 158 2
360 109 2
361 84 2
370 278 2
370 389 2
373 174 2
376 307 2
382 413 2
383 360 2
384 131 2
386 103 2
386 382 2
387 79 2
388 271 2
392 442 2
395 258 2
395 324 2
398 181 2
400 283 2
400 415 2
401 200 2
406 25 2
407 124 2
409 99 2
409 363 2
413 8 2
413 66 2
413 382 2
416 44 2
421 441 2
423 33 2
423 418 2
424 320 2
424 350 2
426 96 2
426 272 2
430 156 2
432 370 2
433 303 2
434 10 2
435 73 2
435 392 2
438 82 2
438 290 2
439 102 2
442 184 2
443 326 2
446 251 2
447 352 2
448 275 2
449 439 2
450 412 2
453 152 2
454 68 2
460 9 2
460 199 2
462 174 2
464 109 2
464 272 2
465 87 2
471 225 2
471 382 2
474 424 2
479 144 2
480 117 2
481 363 2
483 188 2
483 283 2
487 205 2
487 407 2
489 54 2
489 232 2
489 498 2
491 326 2
496 95 2
497 132 2
498 73 2
500 163 2
504 219 2
504 307 2
11 462 3
24 471 3
147 414 3
172 427 3
267 70 3
293 85 3
300 460 3
303 443 3
316 437 3
355 501 3
378 482 3
379 468 3
401 490 3
402 468 3
403 479 3
418 495 3
431 469 3
439 487 3
466 477 3
468 463 3
