4 220 1
11 424 1
17 416 1
23 311 1
46 458 1
54 25 1
55 416 1
75 310 1
88 360 1
93 163 1
113 312 1
118 151 1
120 21 1
121 12 1
127 121 1
128 107 1
129 325 1
134 487 1
141 24 1
148 486 1
149 334 1
156 321 1
156 399 1
156 414 1
158 209 1
158 236 1
161 85 1
161 224 1
163 145 1
168 431 1
169 109 1
170 453 1
170 465 1
185 148 1
189 184 1
190 195 1
190 204 1
192 218 1
195 443 1
200 73 1
201 111 1
204 135 1
205 468 1
209 146 1
211 123 1
213 64 1
213 409 1
215 156 1
221 440 1
233 11 1
234 151 1
245 10 1
250 214 1
261 178 1
261 339 1
263 327 1
265 195 1
272 211 1
285 117 1
295 126 1
300 9 1
301 92 1
301 112 1
305 296 1
309 400 1
313 238 1
316 40 1
317 158 1
317 258 1
318 372 1
323 187 1
338 100 1
340 35 1
340 414 1
347 269 1
354 220 1
364 4 1
376 297 1
405 285 1
0 35 2
2 487 2
4 16 2
6 126 2
7 140 2
9 71 2
10 243 2
19 174 2
26 474 2
28 138 2
28 242 2
32 453 2
34 97 2
35 266 2
37 168 2
48 143 2
49 233 2
54 116 2
61 158 2
61 279 2
71 239 2
72 184 2
79 137 2
95 258 2
96 208 2
98 467 2
100 417 2
105 443 2
106 381 2
107 299 2
108 478 2
109 193 2
114 408 2
116 220 2
124 184 2
124 240 2
124 390 2
135 268 2
137 289 2
180 311 2
183 333 2
183 356 2
191 310 2
196 294 2
201 342 2
215 353 2
215 386 2
218 302 2
223 372 2
225 321 2
236 333 2
236 359 2
270 485 2
276 448 2
285 487 2
302 456 2
304 483 2
321 452 2
329 472 2
342 392 2
348 482 2
361 405 2
367 425 2
378 398 2
383 318 2
384 369 2
384 382 2
388 79 2
389 452 2
395 116 2
395 411 2
398 96 2
399 58 2
399 253 2
401 392 2
413 196 2
413 427 2
415 37 2
415 97 2
415 245 2
416 297 2
418 390 2
419 177 2
422 374 2
424 60 2
424 278 2
424 407 2
428 165 2
428 339 2
432 19 2
438 452 2
440 205 2
442 269 2
443 289 2
443 405 2
444 343 2
446 416 2
449 64 2
450 48 2
454 130 2
454 149 2
456 169 2
456 330 2
458 191 2
462 451 2
467 411 2
470 353 2
471 319 2
473 120 2
473 273 2
473 305 2
477 169 2
478 339 2
480 143 2
481 207 2
481 246 2
483 99 2
483 155 2
486 322 2
488 108 2
5 96 3
6 270 3
12 186 3
20 350 3
25 329 3
28 422 3
31 358 3
39 391 3
40 53 3
49 446 3
52 51 3
56 39 3
63 447 3
65 364 3
72 204 3
74 110 3
78 422 3
104 144 3
111 3 3
117 73 3
118 96 3
122 52 3
131 165 3
131 458 3
132 359 3
134 191 3
137 1 3
137 387 3
139 99 3
142 7 3
151 442 3
156 302 3
157 34 3
158 287 3
160 374 3
169 253 3
179 193 3
185 135 3
185 237 3
198 91 3
200 272 3
202 234 3
204 258 3
209 10 3
209 188 3
212 269 3
215 204 3
218 171 3
220 282 3
221 223 3
229 186 3
233 457 3
236 285 3
237 232 3
237 256 3
238 173 3
241 93 3
241 470 3
245 306 3
247 132 3
253 407 3
254 158 3
262 66 3
264 350 3
266 257 3
270 238 3
271 102 3
272 163 3
272 409 3
275 66 3
280 133 3
285 7 3
285 327 3
289 411 3
290 48 3
296 349 3
297 271 3
301 48 3
307 435 3
309 335 3
311 279 3
312 105 3
315 346 3
319 410 3
330 49 3
331 180 3
336 134 3
337 217 3
337 424 3
343 365 3
349 27 3
351 81 3
351 195 3
351 320 3
353 41 3
354 172 3
354 235 3
354 252 3
361 17 3
364 30 3
368 229 3
370 307 3
371 347 3
373 255 3
373 450 3
382 12 3
386 1 3
386 167 3
386 350 3
388 189 3
390 177 3
396 217 3
400 267 3
405 315 3
426 318 3
446 235 3
