31 383 1
100 298 1
105 393 1
143 384 1
144 318 1
149 301 1
165 295 1
178 313 1
186 373 1
189 300 1
194 328 1
194 382 1
205 300 1
205 367 1
216 319 1
217 373 1
221 351 1
232 320 1
232 367 1
232 382 1
234 401 1
237 351 1
239 244 1
242 195 1
244 369 1
246 276 1
247 356 1
248 378 1
249 213 1
249 329 1
257 200 1
257 430 1
259 221 1
259 264 1
261 321 1
262 246 1
262 368 1
264 190 1
265 234 1
265 352 1
273 380 1
275 273 1
280 217 1
283 350 1
286 204 1
289 230 1
294 300 1
300 228 1
301 200 1
310 222 1
314 375 1
318 252 1
319 396 1
323 199 1
325 212 1
326 336 1
328 369 1
331 187 1
333 230 1
333 296 1
335 241 1
336 310 1
337 177 1
337 329 1
337 378 1
344 212 1
344 359 1
344 409 1
345 166 1
348 322 1
349 388 1
351 220 1
351 376 1
353 287 1
353 418 1
354 235 1
355 339 1
355 452 1
356 147 1
357 197 1
358 356 1
359 403 1
362 378 1
363 283 1
364 206 1
364 219 1
365 305 1
365 427 1
366 342 1
366 442 1
367 190 1
367 323 1
372 244 1
373 140 1
376 271 1
377 258 1
377 293 1
378 183 1
378 230 1
380 65 1
382 57 1
382 336 1
383 313 1
386 197 1
388 230 1
388 405 1
389 117 1
389 177 1
390 217 1
391 294 1
392 346 1
394 326 1
396 165 1
397 57 1
397 93 1
398 207 1
401 311 1
403 266 1
404 340 1
405 196 1
405 295 1
406 382 1
407 177 1
410 158 1
411 106 1
411 456 1
412 130 1
412 235 1
412 288 1
413 225 1
413 306 1
415 330 1
416 205 1
416 371 1
417 246 1
417 259 1
418 316 1
418 357 1
420 273 1
421 448 1
425 141 1
425 288 1
426 89 1
426 129 1
426 305 1
427 170 1
428 192 1
428 229 1
429 327 1
430 107 1
430 356 1
431 255 1
432 389 1
433 266 1
434 432 1
436 300 1
437 123 1
438 142 1
439 241 1
439 319 1
439 409 1
443 191 1
443 441 1
444 172 1
446 233 1
446 258 1
448 131 1
451 162 1
451 332 1
455 176 1
455 269 1
456 283 1
457 146 1
457 404 1
458 240 1
458 320 1
458 376 1
459 100 1
459 230 1
460 298 1
461 159 1
462 219 1
2 345 2
5 313 2
17 115 2
33 343 2
37 318 2
44 202 2
57 9 2
60 77 2
70 286 2
72 181 2
77 23 2
79 263 2
91 131 2
96 241 2
98 201 2
100 26 2
104 13 2
121 149 2
124 202 2
128 71 2
137 26 2
145 182 2
146 131 2
150 51 2
152 164 2
159 95 2
176 61 2
178 140 2
202 88 2
213 62 2
216 15 2
222 71 2
238 5 2
3 410 3
34 446 3
68 462 3
69 362 3
71 395 3
77 340 3
83 406 3
85 385 3
88 358 3
98 381 3
100 329 3
101 365 3
104 441 3
114 369 3
114 400 3
117 459 3
120 326 3
128 339 3
129 309 3
130 426 3
132 396 3
133 438 3
156 446 3
157 434 3
162 305 3
169 409 3
180 277 3
187 417 3
200 232 3
200 401 3
201 274 3
204 451 3
214 176 3
215 334 3
217 413 3
225 122 3
228 174 3
229 338 3
233 267 3
235 420 3
237 233 3
255 98 3
255 169 3
256 448 3
265 401 3
267 13 3
270 138 3
277 430 3
278 416 3
283 397 3
286 246 3
291 261 3
303 118 3
304 291 3
304 436 3
305 185 3
305 260 3
307 242 3
308 411 3
315 26 3
316 178 3
318 49 3
319 303 3
320 276 3
320 355 3
322 130 3
325 164 3
327 91 3
332 131 3
332 414 3
332 439 3
333 7 3
335 14 3
336 156 3
340 28 3
341 266 3
346 131 3
354 104 3
374 413 3
382 426 3
384 149 3
390 246 3
390 384 3
394 272 3
427 57 3
457 413 3
