257 55 1
1 356 2
2 76 2
3 29 2
3 158 2
3 270 2
3 301 2
10 55 2
12 240 2
17 360 2
17 382 2
20 292 2
24 116 2
25 150 2
26 317 2
28 184 2
30 135 2
31 422 2
33 270 2
37 198 2
39 389 2
40 256 2
40 320 2
41 106 2
41 342 2
43 182 2
43 407 2
44 123 2
46 155 2
48 434 2
49 208 2
49 283 2
55 189 2
55 306 2
56 132 2
57 382 2
57 415 2
60 215 2
61 328 2
62 172 2
64 4 2
66 143 2
66 200 2
69 88 2
69 112 2
71 396 2
72 242 2
73 425 2
78 69 2
81 165 2
82 123 2
85 194 2
85 379 2
86 103 2
88 228 2
88 235 2
90 213 2
91 406 2
95 132 2
96 68 2
99 271 2
102 169 2
102 326 2
102 394 2
103 239 2
105 90 2
107 453 2
108 114 2
112 286 2
112 300 2
115 212 2
116 25 2
118 323 2
118 419 2
121 8 2
124 52 2
124 348 2
124 402 2
125 439 2
126 461 2
128 186 2
128 250 2
131 296 2
135 414 2
136 208 2
138 317 2
139 267 2
142 331 2
143 44 2
144 438 2
145 65 2
145 456 2
146 218 2
150 85 2
151 368 2
151 425 2
158 104 2
158 238 2
159 306 2
160 346 2
160 399 2
161 278 2
161 440 2
162 125 2
162 378 2
164 23 2
165 453 2
168 197 2
173 7 2
174 81 2
174 318 2
174 459 2
176 223 2
179 111 2
179 162 2
179 206 2
180 49 2
181 343 2
184 147 2
185 178 2
185 369 2
187 30 2
189 94 2
191 387 2
191 406 2
191 462 2
195 212 2
195 266 2
195 303 2
198 421 2
199 16 2
199 70 2
202 244 2
202 286 2
203 187 2
204 54 2
204 117 2
205 151 2
205 224 2
208 433 2
215 424 2
218 95 2
218 442 2
219 174 2
222 252 2
223 113 2
225 334 2
226 304 2
226 458 2
229 134 2
229 398 2
231 278 2
235 78 2
236 316 2
237 436 2
239 166 2
241 258 2
243 457 2
244 335 2
245 182 2
252 218 2
253 116 2
257 300 2
262 448 2
263 134 2
263 227 2
263 277 2
264 236 2
265 181 2
267 318 2
272 195 2
273 207 2
276 299 2
278 250 2
285 82 2
291 371 2
292 193 2
294 462 2
295 107 2
295 277 2
296 126 2
302 297 2
304 203 2
304 334 2
304 445 2
307 92 2
308 65 2
309 254 2
310 121 2
310 355 2
313 48 2
316 291 2
317 316 2
322 257 2
323 336 2
326 457 2
329 59 2
330 206 2
331 359 2
333 389 2
334 304 2
337 181 2
339 103 2
340 261 2
342 426 2
342 447 2
343 215 2
344 192 2
345 317 2
348 173 2
348 377 2
349 342 2
351 58 2
352 227 2
353 83 2
358 76 2
358 203 2
358 285 2
358 430 2
360 260 2
362 107 2
363 94 2
363 317 2
367 158 2
367 177 2
367 239 2
369 126 2
373 211 2
375 24 2
375 143 2
377 2 2
377 452 2
378 251 2
379 295 2
382 122 2
383 9 2
385 200 2
386 329 2
388 271 2
393 134 2
394 173 2
398 345 2
399 148 2
399 293 2
405 196 2
405 383 2
406 0 2
406 273 2
407 400 2
409 235 2
410 309 2
410 422 2
411 113 2
412 133 2
412 444 2
414 332 2
416 460 2
417 12 2
420 194 2
422 390 2
425 118 2
425 436 2
426 33 2
426 372 2
427 323 2
430 240 2
431 422 2
432 132 2
438 353 2
441 6 2
441 372 2
442 259 2
442 454 2
445 119 2
446 192 2
446 331 2
447 438 2
448 177 2
448 408 2
449 26 2
450 238 2
451 347 2
454 386 2
456 154 2
459 2 2
459 128 2
459 362 2
461 264 2
462 15 2
464 226 2
16 84 3
28 30 3
29 55 3
39 23 3
46 33 3
243 1 3
252 14 3
329 3 3
337 22 3
423 280 3
446 58 3
448 82 3
