141 406 1
201 2 1
6 321 3
17 444 3
35 454 3
57 393 3
88 348 3
106 48 3
111 56 3
124 481 3
131 196 3
149 296 3
153 11 3
159 8 3
199 80 3
207 267 3
225 128 3
238 194 3
254 201 3
258 222 3
270 314 3
272 313 3
274 333 3
275 324 3
281 440 3
293 159 3
295 158 3
297 198 3
326 56 3
333 196 3
336 208 3
342 291 3
343 289 3
343 434 3
347 3 3
359 154 3
365 167 3
370 17 3
380 397 3
391 171 3
405 265 3
409 3 3
410 182 3
410 210 3
413 397 3
417 204 3
419 363 3
424 357 3
429 206 3
430 186 3
430 259 3
434 205 3
437 101 3
437 162 3
440 420 3
445 152 3
446 178 3
448 88 3
449 373 3
451 449 3
460 41 3
460 193 3
463 381 3
467 487 3
473 185 3
473 193 3
475 482 3
476 62 3
482 101 3
483 149 3
483 178 3
487 219 3
487 374 3
489 425 3
