99 443 1
205 414 1
286 397 1
319 261 1
5 46 3
13 26 3
17 99 3
22 279 3
42 275 3
44 4 3
47 170 3
49 312 3
55 241 3
56 363 3
68 2 3
79 385 3
96 330 3
102 488 3
107 426 3
111 487 3
120 372 3
123 212 3
126 479 3
158 413 3
163 490 3
171 430 3
180 269 3
180 401 3
192 18 3
201 197 3
206 226 3
220 35 3
224 481 3
237 414 3
247 328 3
266 464 3
276 418 3
289 10 3
289 70 3
291 485 3
298 74 3
300 363 3
319 412 3
323 332 3
327 442 3
329 53 3
331 69 3
337 215 3
339 435 3
346 311 3
349 52 3
351 298 3
351 434 3
359 416 3
373 349 3
375 118 3
385 6 3
386 444 3
389 300 3
391 96 3
401 69 3
402 130 3
404 474 3
407 313 3
416 487 3
424 60 3
430 395 3
434 165 3
435 323 3
438 349 3
444 393 3
449 172 3
453 487 3
455 21 3
455 162 3
455 326 3
460 255 3
463 357 3
464 100 3
478 349 3
489 160 3
491 152 3
491 334 3
499 357 3
