3 483 2
20 339 2
22 352 2
22 387 2
23 369 2
24 402 2
26 378 2
31 440 2
32 336 2
32 432 2
34 389 2
36 360 2
36 374 2
36 401 2
37 422 2
41 443 2
46 324 2
48 427 2
50 337 2
55 66 2
58 434 2
60 319 2
60 407 2
68 415 2
75 373 2
78 388 2
80 430 2
84 397 2
86 411 2
90 339 2
90 419 2
93 355 2
93 367 2
102 348 2
104 372 2
108 358 2
109 401 2
110 411 2
111 30 2
111 343 2
114 377 2
115 20 2
115 356 2
120 401 2
121 369 2
125 280 2
127 78 2
130 63 2
132 296 2
133 305 2
135 48 2
136 86 2
137 213 2
137 255 2
139 198 2
139 237 2
140 36 2
142 281 2
144 264 2
145 338 2
148 251 2
149 223 2
149 346 2
150 323 2
153 299 2
156 34 2
156 234 2
156 268 2
158 174 2
158 187 2
158 203 2
160 278 2
160 286 2
165 251 2
166 7 2
168 320 2
174 165 2
174 225 2
174 253 2
175 27 2
175 381 2
176 178 2
179 72 2
182 245 2
182 292 2
184 273 2
184 280 2
186 147 2
188 20 2
188 193 2
189 169 2
195 352 2
198 79 2
198 374 2
200 273 2
202 175 2
202 213 2
202 264 2
203 91 2
203 287 2
204 158 2
205 24 2
207 248 2
209 108 2
209 229 2
209 444 2
212 188 2
214 273 2
214 318 2
216 154 2
216 209 2
217 262 2
219 223 2
222 11 2
223 257 2
225 165 2
229 198 2
230 178 2
231 132 2
232 42 2
232 114 2
235 190 2
236 76 2
238 91 2
239 136 2
240 312 2
245 159 2
245 184 2
247 108 2
247 200 2
251 94 2
251 303 2
252 65 2
254 156 2
254 188 2
255 112 2
258 223 2
259 177 2
260 295 2
261 196 2
263 97 2
265 119 2
268 145 2
272 108 2
277 290 2
279 62 2
282 138 2
282 216 2
284 166 2
285 228 2
287 123 2
287 190 2
291 77 2
291 206 2
295 165 2
295 188 2
295 219 2
300 55 2
301 289 2
302 123 2
303 72 2
303 179 2
305 132 2
305 197 2
306 35 2
307 24 2
307 143 2
307 280 2
309 253 2
313 212 2
315 24 2
315 139 2
316 128 2
316 274 2
317 176 2
318 37 2
324 284 2
326 34 2
326 236 2
326 255 2
329 268 2
331 128 2
331 223 2
331 247 2
333 209 2
334 193 2
334 284 2
344 136 2
344 270 2
345 218 2
347 197 2
349 23 2
349 37 2
350 280 2
354 210 2
354 259 2
356 16 2
363 167 2
367 198 2
371 175 2
371 186 2
373 84 2
374 154 2
376 230 2
378 37 2
378 139 2
379 9 2
380 108 2
382 88 2
385 97 2
386 121 2
387 79 2
390 69 2
401 64 2
402 142 2
406 79 2
407 217 2
413 118 2
415 214 2
420 69 2
421 189 2
424 90 2
425 20 2
427 173 2
429 33 2
436 48 2
436 135 2
439 84 2
441 22 2
441 104 2
441 159 2
442 179 2
442 195 2
447 11 2
448 164 2
451 39 2
454 111 2
454 146 2
455 25 2
455 121 2
459 89 2
462 3 2
463 17 2
464 123 2
469 39 2
470 3 2
471 31 2
471 53 2
473 111 2
474 89 2
474 101 2
477 82 2
479 10 2
481 44 2
4 101 3
4 236 3
5 423 3
7 462 3
25 471 3
27 158 3
32 4 3
34 97 3
38 122 3
41 163 3
46 85 3
47 153 3
48 477 3
54 41 3
55 85 3
69 79 3
69 158 3
74 183 3
82 170 3
88 201 3
88 266 3
100 186 3
106 455 3
112 216 3
113 274 3
115 238 3
130 438 3
173 94 3
174 367 3
176 392 3
185 93 3
190 366 3
213 368 3
231 418 3
237 446 3
241 268 3
245 455 3
259 408 3
287 62 3
307 91 3
315 105 3
326 104 3
339 112 3
358 120 3
380 284 3
380 484 3
388 338 3
388 471 3
401 11 3
403 479 3
405 328 3
406 48 3
406 308 3
413 266 3
422 292 3
426 466 3
438 215 3
443 449 3
450 247 3
453 190 3
466 214 3
469 168 3
471 404 3
475 305 3
482 313 3
485 294 3
