2 111 1
3 381 1
4 364 1
5 476 1
10 192 1
12 463 1
13 211 1
13 321 1
14 389 1
17 82 1
18 366 1
19 425 1
20 380 1
20 449 1
21 487 1
22 89 1
24 355 1
26 344 1
28 398 1
30 168 1
30 203 1
31 97 1
33 255 1
33 377 1
35 429 1
35 472 1
36 352 1
37 398 1
40 171 1
40 312 1
40 345 1
41 266 1
41 419 1
45 312 1
46 153 1
47 369 1
48 46 1
48 279 1
49 338 1
51 386 1
53 16 1
54 144 1
56 429 1
57 32 1
57 156 1
57 303 1
59 222 1
59 264 1
59 316 1
59 404 1
61 177 1
62 365 1
62 475 1
65 394 1
68 295 1
69 281 1
69 348 1
71 467 1
74 305 1
74 409 1
77 333 1
78 213 1
78 285 1
79 317 1
81 158 1
81 444 1
81 486 1
82 58 1
82 148 1
85 172 1
85 296 1
85 332 1
86 125 1
88 30 1
88 373 1
90 481 1
92 111 1
92 208 1
92 285 1
92 320 1
92 471 1
94 429 1
95 332 1
95 355 1
95 367 1
95 386 1
96 298 1
97 401 1
100 53 1
100 417 1
101 175 1
104 346 1
105 374 1
105 457 1
106 83 1
108 302 1
109 95 1
109 435 1
113 402 1
115 357 1
115 420 1
116 180 1
117 213 1
117 231 1
119 391 1
119 484 1
120 271 1
120 457 1
122 428 1
122 445 1
122 472 1
123 325 1
123 367 1
124 121 1
124 340 1
124 351 1
125 185 1
127 417 1
129 259 1
131 70 1
133 457 1
134 436 1
135 278 1
135 379 1
135 472 1
136 386 1
138 367 1
138 414 1
139 355 1
142 122 1
143 305 1
143 344 1
143 426 1
145 449 1
147 321 1
148 290 1
150 468 1
154 307 1
154 444 1
155 85 1
155 329 1
156 294 1
156 360 1
156 382 1
157 372 1
158 396 1
159 234 1
160 274 1
160 319 1
160 457 1
162 300 1
163 426 1
163 480 1
166 241 1
168 255 1
169 463 1
171 96 1
171 346 1
172 108 1
173 397 1
175 218 1
175 333 1
175 471 1
176 274 1
176 436 1
177 235 1
179 480 1
180 294 1
182 307 1
185 243 1
186 475 1
187 261 1
188 372 1
190 77 1
190 339 1
190 457 1
193 467 1
198 382 1
198 437 1
199 423 1
201 341 1
201 482 1
203 392 1
206 430 1
207 415 1
209 472 1
210 139 1
212 380 1
215 369 1
217 425 1
218 460 1
219 396 1
220 326 1
220 351 1
221 273 1
221 408 1
222 325 1
223 480 1
224 295 1
225 190 1
227 358 1
229 420 1
230 429 1
232 372 1
235 320 1
235 385 1
236 362 1
238 427 1
241 481 1
242 410 1
243 387 1
246 245 1
248 426 1
250 408 1
253 377 1
253 392 1
257 317 1
259 440 1
262 405 1
265 428 1
266 342 1
267 297 1
267 482 1
268 366 1
268 379 1
273 438 1
276 464 1
277 352 1
282 419 1
282 476 1
283 437 1
286 456 1
287 400 1
288 365 1
291 469 1
292 413 1
292 445 1
296 481 1
297 434 1
304 416 1
310 396 1
312 481 1
316 412 1
318 265 1
323 245 1
324 482 1
329 406 1
334 460 1
339 484 1
344 451 1
345 289 1
345 475 1
348 326 1
352 281 1
352 333 1
352 462 1
360 474 1
367 487 1
369 475 1
370 453 1
379 367 1
386 485 1
388 335 1
392 352 1
406 441 1
430 349 1
432 456 1
437 329 1
437 478 1
454 315 1
460 400 1
460 436 1
475 457 1
481 472 1
483 384 1
487 426 1
487 484 1
273 6 2
302 15 2
326 63 2
329 23 2
337 37 2
341 72 2
348 9 2
353 36 2
356 118 2
366 26 2
366 132 2
370 50 2
372 8 2
376 78 2
378 100 2
387 72 2
392 122 2
409 109 2
413 34 2
415 144 2
425 14 2
429 61 2
431 40 2
438 130 2
442 47 2
443 91 2
445 23 2
448 180 2
452 118 2
456 103 2
459 8 2
464 125 2
466 42 2
476 348 2
480 227 2
481 66 2
1 314 3
1 410 3
3 220 3
3 449 3
4 74 3
5 22 3
8 63 3
13 415 3
14 97 3
17 158 3
17 287 3
19 16 3
21 177 3
22 50 3
22 137 3
25 185 3
33 283 3
34 115 3
37 7 3
37 32 3
38 132 3
39 86 3
40 441 3
41 81 3
41 243 3
42 300 3
42 455 3
46 110 3
47 212 3
48 232 3
48 246 3
49 34 3
49 130 3
49 293 3
51 67 3
58 250 3
63 122 3
66 137 3
69 42 3
70 452 3
71 148 3
73 14 3
76 171 3
77 93 3
77 198 3
80 72 3
85 194 3
91 261 3
92 152 3
95 231 3
96 136 3
96 240 3
104 322 3
109 117 3
113 130 3
115 162 3
121 22 3
126 47 3
127 303 3
129 237 3
133 196 3
134 12 3
134 35 3
139 90 3
141 66 3
151 24 3
151 249 3
151 263 3
158 161 3
160 126 3
160 415 3
162 143 3
167 149 3
172 69 3
177 298 3
178 298 3
180 177 3
180 448 3
184 425 3
186 196 3
187 140 3
193 294 3
195 359 3
200 149 3
201 100 3
201 168 3
208 440 3
211 48 3
211 296 3
212 330 3
217 94 3
218 71 3
220 147 3
222 134 3
228 9 3
231 347 3
239 396 3
240 345 3
243 437 3
244 327 3
245 218 3
250 136 3
251 291 3
251 469 3
252 206 3
253 302 3
253 481 3
258 118 3
262 183 3
264 310 3
268 122 3
268 240 3
270 274 3
273 318 3
274 227 3
279 83 3
280 172 3
285 149 3
285 186 3
286 137 3
294 197 3
294 257 3
301 170 3
303 428 3
304 90 3
306 321 3
308 286 3
312 37 3
316 209 3
318 95 3
320 230 3
321 441 3
322 389 3
324 316 3
325 363 3
330 98 3
333 207 3
333 271 3
336 188 3
336 264 3
338 457 3
342 228 3
343 87 3
358 375 3
359 204 3
365 421 3
366 391 3
371 261 3
371 407 3
378 309 3
381 258 3
385 234 3
388 209 3
388 290 3
394 227 3
396 381 3
399 410 3
404 214 3
407 274 3
409 246 3
409 386 3
410 215 3
414 478 3
428 244 3
433 217 3
437 379 3
440 363 3
444 219 3
449 467 3
455 58 3
455 383 3
468 202 3
469 183 3
475 250 3
476 370 3
480 400 3
482 194 3
486 91 3
