9 101 1
35 141 1
130 73 1
163 168 1
186 131 1
220 445 1
275 31 1
314 494 1
355 15 1
361 495 1
366 371 1
374 451 1
410 331 1
450 104 1
486 341 1
4 361 2
4 426 2
9 188 2
10 218 2
11 408 2
13 254 2
13 272 2
19 391 2
20 482 2
24 55 2
25 317 2
26 239 2
28 28 2
28 171 2
29 379 2
30 299 2
32 216 2
34 404 2
34 419 2
35 363 2
36 244 2
37 231 2
39 343 2
41 40 2
41 280 2
41 474 2
43 5 2
46 498 2
47 256 2
49 292 2
49 339 2
51 22 2
51 384 2
54 104 2
60 118 2
60 353 2
62 326 2
63 262 2
64 7 2
64 460 2
66 34 2
69 176 2
72 315 2
73 102 2
74 17 2
75 264 2
76 209 2
79 219 2
79 247 2
80 121 2
81 443 2
82 301 2
86 23 2
86 236 2
87 430 2
88 410 2
90 278 2
97 133 2
104 245 2
104 259 2
104 392 2
105 420 2
107 201 2
109 370 2
112 298 2
114 362 2
115 19 2
117 216 2
119 274 2
123 350 2
124 229 2
128 326 2
129 262 2
134 157 2
134 246 2
135 289 2
141 304 2
142 176 2
149 157 2
155 26 2
155 128 2
159 332 2
160 254 2
160 433 2
164 488 2
167 37 2
169 418 2
170 469 2
175 237 2
180 440 2
181 270 2
183 41 2
185 415 2
187 254 2
191 323 2
198 35 2
199 245 2
204 291 2
206 8 2
206 315 2
208 280 2
208 338 2
216 226 2
217 12 2
219 267 2
224 323 2
229 22 2
229 220 2
229 298 2
236 211 2
237 271 2
247 499 2
254 486 2
271 485 2
289 488 2
12 304 3
24 83 3
33 445 3
36 125 3
49 77 3
63 77 3
68 54 3
68 155 3
74 64 3
75 73 3
82 346 3
90 43 3
98 66 3
101 171 3
114 160 3
119 112 3
128 62 3
138 375 3
156 390 3
157 97 3
166 217 3
168 101 3
169 77 3
179 371 3
187 215 3
203 447 3
206 103 3
206 464 3
220 115 3
240 107 3
243 120 3
250 416 3
254 137 3
259 225 3
261 384 3
264 44 3
265 136 3
265 367 3
267 295 3
270 443 3
273 57 3
278 368 3
285 163 3
286 93 3
294 32 3
294 383 3
297 160 3
297 418 3
303 172 3
309 347 3
312 269 3
316 445 3
326 478 3
335 101 3
345 64 3
346 352 3
349 181 3
352 292 3
356 81 3
367 487 3
372 28 3
377 100 3
377 231 3
377 423 3
385 489 3
398 91 3
405 283 3
412 317 3
414 221 3
418 343 3
420 253 3
423 381 3
426 255 3
427 221 3
427 460 3
431 165 3
431 333 3
436 229 3
440 177 3
441 286 3
453 170 3
457 202 3
469 342 3
470 485 3
484 252 3
489 455 3
490 481 3
500 176 3
500 286 3
502 261 3
