80 112 1
85 412 1
92 402 1
101 371 1
109 400 1
116 447 1
136 223 1
138 426 1
140 27 1
140 40 1
147 231 1
156 295 1
159 43 1
166 134 1
167 246 1
177 413 1
180 219 1
191 205 1
193 111 1
196 287 1
208 332 1
211 194 1
213 258 1
216 278 1
216 392 1
217 172 1
221 10 1
225 164 1
226 180 1
229 22 1
231 290 1
235 205 1
243 233 1
253 165 1
256 39 1
256 152 1
261 215 1
263 255 1
266 172 1
267 104 1
267 129 1
269 151 1
270 202 1
272 213 1
272 422 1
273 26 1
274 48 1
276 118 1
276 133 1
281 269 1
282 5 1
282 169 1
282 199 1
286 185 1
288 104 1
292 76 1
294 152 1
298 18 1
299 252 1
299 434 1
302 51 1
303 78 1
303 223 1
305 3 1
307 194 1
313 16 1
313 106 1
316 158 1
317 225 1
318 93 1
320 3 1
321 198 1
326 105 1
327 83 1
331 91 1
334 100 1
337 211 1
338 82 1
341 3 1
344 104 1
344 266 1
345 197 1
347 171 1
349 31 1
349 187 1
351 161 1
352 13 1
352 179 1
352 287 1
353 113 1
354 41 1
360 4 1
365 119 1
366 130 1
367 149 1
369 138 1
373 97 1
382 45 1
397 33 1
397 134 1
398 107 1
398 297 1
399 432 1
406 5 1
407 379 1
409 49 1
409 99 1
411 86 1
415 93 1
418 57 1
418 125 1
419 31 1
420 134 1
420 209 1
420 474 1
423 41 1
423 80 1
426 362 1
427 351 1
428 60 1
429 88 1
431 200 1
431 336 1
432 23 1
433 339 1
435 107 1
438 475 1
439 20 1
439 95 1
443 442 1
444 60 1
445 111 1
447 85 1
449 70 1
454 15 1
454 116 1
456 129 1
456 199 1
459 270 1
461 152 1
461 346 1
464 96 1
466 65 1
468 32 1
469 81 1
476 150 1
479 75 1
483 2 1
484 64 1
489 27 1
491 12 1
494 2 1
3 393 2
11 435 2
54 417 2
75 272 2
84 49 2
86 338 2
92 138 2
123 322 2
124 139 2
138 455 2
153 387 2
230 475 2
238 266 2
264 373 2
271 237 2
301 125 2
374 285 2
387 74 2
425 173 2
435 456 2
450 183 2
485 248 2
1 233 3
2 348 3
6 184 3
6 205 3
8 222 3
11 356 3
17 341 3
26 130 3
27 26 3
29 50 3
36 89 3
37 9 3
39 229 3
40 127 3
54 295 3
54 331 3
56 172 3
57 55 3
62 25 3
98 105 3
102 124 3
106 96 3
115 52 3
120 371 3
127 435 3
148 85 3
150 51 3
157 147 3
161 271 3
164 283 3
176 122 3
182 400 3
185 18 3
187 375 3
192 114 3
193 436 3
195 304 3
199 74 3
201 51 3
201 383 3
203 234 3
209 212 3
211 30 3
222 219 3
227 58 3
234 189 3
245 147 3
256 75 3
258 307 3
260 433 3
262 194 3
263 279 3
268 325 3
287 28 3
292 172 3
292 416 3
296 366 3
299 307 3
303 397 3
305 175 3
307 278 3
308 365 3
310 420 3
311 146 3
311 382 3
320 239 3
320 348 3
321 23 3
323 436 3
328 17 3
336 149 3
336 231 3
337 177 3
343 369 3
343 413 3
344 398 3
349 339 3
351 323 3
354 385 3
357 259 3
363 433 3
364 32 3
366 39 3
371 164 3
372 208 3
382 235 3
386 250 3
386 466 3
391 316 3
398 182 3
398 350 3
401 271 3
404 228 3
414 366 3
424 114 3
429 315 3
437 35 3
450 287 3
459 46 3
466 418 3
467 332 3
471 465 3
473 248 3
475 419 3
478 127 3
479 194 3
482 491 3
490 114 3
492 102 3
493 320 3
495 318 3
