4 86 1
4 99 1
5 40 1
9 261 1
11 78 1
14 329 1
14 344 1
22 23 1
23 64 1
25 33 1
27 315 1
30 82 1
30 177 1
31 12 1
32 103 1
33 52 1
34 35 1
34 186 1
35 139 1
36 117 1
40 25 1
40 52 1
41 76 1
43 375 1
44 94 1
45 286 1
48 113 1
50 264 1
51 33 1
53 68 1
63 76 1
66 61 1
71 109 1
73 296 1
74 175 1
75 69 1
77 428 1
78 165 1
78 245 1
80 77 1
80 141 1
80 220 1
81 152 1
83 181 1
85 121 1
89 264 1
92 3 1
93 37 1
94 38 1
94 143 1
96 58 1
96 115 1
96 275 1
97 42 1
97 194 1
99 159 1
99 335 1
104 306 1
105 188 1
107 44 1
107 138 1
110 170 1
114 2 1
114 156 1
114 350 1
115 179 1
115 184 1
115 207 1
118 336 1
119 119 1
120 137 1
120 162 1
121 102 1
122 72 1
125 180 1
125 347 1
126 86 1
129 118 1
129 170 1
133 66 1
134 0 1
137 356 1
138 14 1
139 199 1
140 88 1
141 40 1
146 186 1
149 134 1
150 308 1
152 5 1
152 29 1
158 46 1
158 221 1
160 205 1
161 27 1
164 309 1
167 83 1
167 132 1
167 357 1
169 192 1
171 12 1
171 74 1
172 231 1
173 52 1
174 167 1
174 293 1
176 127 1
177 62 1
177 91 1
177 302 1
178 210 1
178 261 1
184 20 1
184 179 1
186 58 1
186 100 1
187 40 1
189 218 1
190 10 1
191 117 1
195 280 1
196 61 1
197 184 1
199 3 1
199 109 1
200 31 1
200 158 1
202 15 1
206 295 1
207 62 1
208 193 1
209 77 1
209 96 1
209 130 1
209 157 1
210 24 1
211 2 1
211 108 1
215 175 1
215 268 1
216 219 1
217 55 1
217 150 1
217 196 1
221 11 1
221 367 1
222 114 1
222 131 1
222 313 1
225 37 1
225 99 1
226 232 1
227 144 1
227 390 1
229 85 1
229 452 1
232 61 1
232 117 1
233 6 1
233 264 1
235 184 1
237 27 1
237 105 1
238 44 1
238 128 1
239 249 1
240 215 1
240 234 1
243 92 1
248 281 1
250 23 1
250 85 1
253 58 1
254 193 1
254 223 1
256 96 1
257 127 1
258 173 1
259 184 1
260 37 1
260 275 1
262 205 1
263 12 1
263 235 1
264 21 1
264 98 1
267 61 1
267 164 1
272 210 1
273 176 1
274 190 1
276 6 1
276 109 1
278 54 1
279 225 1
280 22 1
280 67 1
281 212 1
284 100 1
285 278 1
286 78 1
289 43 1
290 11 1
293 375 1
294 109 1
294 291 1
295 195 1
295 259 1
296 214 1
297 52 1
298 269 1
300 15 1
300 279 1
305 197 1
307 359 1
309 100 1
311 27 1
311 188 1
312 339 1
313 87 1
314 52 1
318 163 1
321 329 1
324 46 1
325 62 1
327 369 1
328 36 1
328 139 1
334 27 1
338 362 1
339 96 1
343 114 1
343 142 1
344 167 1
356 19 1
357 421 1
358 295 1
358 361 1
360 387 1
362 44 1
364 402 1
365 191 1
366 4 1
366 412 1
371 446 1
374 391 1
376 89 1
378 69 1
379 79 1
380 307 1
383 281 1
385 52 1
388 20 1
389 1 1
389 33 1
391 8 1
396 108 1
398 78 1
410 19 1
415 461 1
428 54 1
437 247 1
448 44 1
7 170 2
10 459 2
17 158 2
28 454 2
31 441 2
33 159 2
49 395 2
50 451 2
75 458 2
89 398 2
107 409 2
112 390 2
120 419 2
218 343 2
235 347 2
255 345 2
265 319 2
348 184 2
372 245 2
382 189 2
389 417 2
396 402 2
397 427 2
453 164 2
454 179 2
455 139 2
457 196 2
1 351 3
1 375 3
15 11 3
15 294 3
15 368 3
26 124 3
27 301 3
30 337 3
33 385 3
34 366 3
36 220 3
37 206 3
37 256 3
37 350 3
45 252 3
46 211 3
53 371 3
54 216 3
54 302 3
56 15 3
58 321 3
62 139 3
63 184 3
64 23 3
64 287 3
66 284 3
66 426 3
67 276 3
67 334 3
68 305 3
70 130 3
70 406 3
76 40 3
81 327 3
81 408 3
83 63 3
85 104 3
86 25 3
86 356 3
87 212 3
89 370 3
89 434 3
91 153 3
92 413 3
95 70 3
102 425 3
102 460 3
106 199 3
107 16 3
108 438 3
110 244 3
120 380 3
121 441 3
124 38 3
124 273 3
126 434 3
126 457 3
131 146 3
133 210 3
141 226 3
149 231 3
152 80 3
152 453 3
153 59 3
153 384 3
156 101 3
163 386 3
164 101 3
164 241 3
165 288 3
167 410 3
171 142 3
173 102 3
174 404 3
179 395 3
181 157 3
181 363 3
183 192 3
187 452 3
191 330 3
194 404 3
196 444 3
200 367 3
206 42 3
239 392 3
242 147 3
243 168 3
245 300 3
248 432 3
249 377 3
251 112 3
252 148 3
252 405 3
256 45 3
260 370 3
271 36 3
276 142 3
277 285 3
277 448 3
281 365 3
288 126 3
289 388 3
290 319 3
291 150 3
292 307 3
295 35 3
297 169 3
297 338 3
298 348 3
301 460 3
302 154 3
304 402 3
307 328 3
310 294 3
310 448 3
314 115 3
316 439 3
318 295 3
321 417 3
322 292 3
328 351 3
333 219 3
334 376 3
335 399 3
337 419 3
343 155 3
343 460 3
344 446 3
345 216 3
345 238 3
345 386 3
346 300 3
353 95 3
353 308 3
358 115 3
359 280 3
360 460 3
362 235 3
367 155 3
380 337 3
382 127 3
386 448 3
387 116 3
390 171 3
392 215 3
392 375 3
399 326 3
399 350 3
400 308 3
403 299 3
412 38 3
414 67 3
417 205 3
418 345 3
422 163 3
425 325 3
426 77 3
427 360 3
428 263 3
429 173 3
429 350 3
432 315 3
435 262 3
440 426 3
441 350 3
444 127 3
449 373 3
455 432 3
