27 433 1
36 410 1
169 443 1
270 365 1
457 242 1
20 455 2
30 28 2
32 7 2
42 475 2
53 416 2
62 448 2
63 406 2
65 9 2
65 378 2
71 412 2
76 136 2
84 391 2
85 352 2
101 369 2
102 134 2
102 395 2
114 342 2
118 387 2
122 95 2
123 137 2
134 354 2
138 384 2
139 120 2
149 96 2
155 416 2
156 476 2
160 340 2
176 3 2
179 350 2
191 473 2
192 316 2
207 19 2
210 380 2
211 193 2
218 315 2
221 413 2
236 27 2
241 365 2
254 203 2
254 401 2
258 291 2
259 75 2
262 321 2
266 449 2
273 303 2
282 378 2
285 401 2
285 446 2
289 270 2
301 341 2
303 387 2
304 9 2
315 261 2
316 45 2
317 143 2
326 379 2
328 349 2
330 309 2
341 70 2
343 9 2
344 259 2
344 287 2
344 337 2
345 159 2
348 393 2
350 372 2
351 217 2
352 245 2
352 426 2
359 309 2
361 159 2
371 401 2
376 207 2
383 160 2
391 233 2
402 344 2
405 200 2
407 258 2
426 249 2
437 69 2
439 280 2
441 260 2
448 218 2
461 74 2
462 173 2
482 39 2
483 158 2
12 244 3
16 298 3
38 322 3
43 236 3
44 488 3
48 257 3
60 276 3
62 295 3
64 485 3
69 193 3
82 118 3
83 203 3
85 483 3
88 457 3
92 469 3
96 455 3
107 470 3
112 252 3
112 485 3
121 43 3
124 275 3
124 490 3
125 265 3
129 474 3
140 299 3
141 440 3
157 290 3
173 254 3
176 33 3
178 180 3
184 432 3
184 450 3
191 92 3
193 262 3
193 437 3
197 446 3
246 443 3
253 149 3
255 163 3
263 18 3
275 122 3
276 414 3
287 176 3
297 102 3
300 169 3
313 83 3
316 439 3
319 83 3
355 36 3
372 466 3
390 445 3
391 330 3
393 442 3
394 86 3
400 424 3
404 15 3
407 74 3
411 450 3
423 174 3
432 173 3
434 328 3
439 487 3
440 117 3
440 406 3
441 28 3
451 327 3
452 368 3
461 487 3
462 299 3
469 457 3
472 271 3
481 242 3
484 292 3
486 271 3
490 260 3
490 283 3
