6 76 1
7 144 1
7 206 1
11 177 1
12 158 1
15 64 1
16 107 1
18 43 1
26 242 1
30 217 1
32 198 1
37 176 1
48 251 1
52 78 1
52 234 1
59 89 1
61 221 1
65 113 1
66 206 1
75 120 1
77 179 1
77 217 1
80 206 1
83 154 1
84 118 1
88 189 1
94 175 1
96 196 1
100 211 1
104 182 1
106 147 1
106 195 1
116 183 1
122 147 1
123 5 1
125 132 1
132 205 1
135 226 1
147 110 1
148 201 1
163 146 1
166 243 1
203 197 1
205 172 1
207 118 1
215 190 1
231 217 1
246 293 1
247 227 1
276 168 1
352 46 1
391 12 1
401 218 1
442 83 1
443 300 1
443 301 1
452 80 1
452 93 1
4 356 2
6 327 2
16 413 2
22 334 2
37 354 2
43 276 2
51 300 2
52 33 2
55 378 2
78 280 2
85 446 2
94 11 2
94 400 2
96 86 2
96 427 2
99 48 2
101 297 2
110 443 2
125 310 2
127 61 2
130 102 2
130 240 2
134 436 2
141 261 2
154 448 2
167 80 2
168 31 2
173 106 2
178 254 2
178 368 2
179 320 2
185 70 2
187 6 2
187 230 2
189 458 2
196 306 2
197 269 2
198 339 2
201 374 2
203 151 2
207 59 2
216 291 2
218 17 2
227 393 2
229 299 2
231 341 2
233 11 2
238 54 2
240 15 2
246 410 2
247 357 2
253 195 2
254 109 2
256 29 2
256 434 2
265 341 2
267 366 2
268 148 2
268 399 2
277 202 2
290 350 2
297 416 2
298 220 2
300 461 2
309 47 2
309 133 2
309 369 2
311 312 2
317 183 2
318 460 2
321 230 2
323 402 2
330 276 2
336 108 2
336 194 2
338 225 2
345 188 2
347 435 2
352 160 2
353 13 2
355 131 2
360 307 2
364 209 2
372 329 2
378 110 2
381 459 2
383 311 2
384 223 2
392 199 2
396 169 2
397 332 2
399 43 2
403 293 2
403 380 2
410 158 2
411 113 2
412 133 2
412 202 2
419 222 2
420 79 2
425 141 2
428 249 2
432 160 2
440 240 2
441 377 2
451 402 2
454 225 2
460 205 2
461 246 2
462 151 2
4 55 3
5 37 3
11 125 3
21 272 3
22 223 3
32 135 3
36 98 3
38 115 3
39 86 3
47 104 3
53 164 3
57 130 3
63 148 3
86 134 3
91 235 3
95 461 3
104 269 3
113 126 3
115 208 3
119 377 3
123 271 3
123 400 3
134 382 3
147 158 3
148 222 3
151 401 3
153 230 3
170 166 3
183 183 3
198 215 3
207 221 3
223 441 3
263 276 3
272 269 3
273 301 3
279 291 3
336 26 3
337 12 3
347 321 3
379 53 3
382 34 3
393 270 3
407 251 3
415 401 3
421 278 3
430 54 3
453 324 3
460 296 3
461 334 3
