178 376 1
180 128 1
187 138 1
288 9 1
2 349 2
2 403 2
2 416 2
2 454 2
3 188 2
3 389 2
6 144 2
6 216 2
10 164 2
12 365 2
18 400 2
22 185 2
24 217 2
25 381 2
27 358 2
28 447 2
31 435 2
35 241 2
35 348 2
37 145 2
41 224 2
47 360 2
47 414 2
51 118 2
57 363 2
59 158 2
59 392 2
61 231 2
63 208 2
64 407 2
65 101 2
70 377 2
74 408 2
75 144 2
80 94 2
82 165 2
83 345 2
85 360 2
91 391 2
92 240 2
95 375 2
99 228 2
104 172 2
105 395 2
106 98 2
106 348 2
109 203 2
110 248 2
110 377 2
113 157 2
122 238 2
126 292 2
132 182 2
133 302 2
134 215 2
134 256 2
143 240 2
147 225 2
149 139 2
149 206 2
149 265 2
151 298 2
155 156 2
160 179 2
160 230 2
165 283 2
167 255 2
169 146 2
172 188 2
177 209 2
178 296 2
185 246 2
189 6 2
192 123 2
193 213 2
193 279 2
194 18 2
195 216 2
197 238 2
198 51 2
198 332 2
204 153 2
206 28 2
208 133 2
213 8 2
215 164 2
215 342 2
216 202 2
220 85 2
220 322 2
222 228 2
223 69 2
224 186 2
225 150 2
229 214 2
230 16 2
231 199 2
232 354 2
237 129 2
240 62 2
245 3 2
246 138 2
247 15 2
247 98 2
252 354 2
266 317 2
271 97 2
273 357 2
274 216 2
274 338 2
276 146 2
277 323 2
278 111 2
283 265 2
283 277 2
286 214 2
288 189 2
293 467 2
295 328 2
298 279 2
302 207 2
303 346 2
309 107 2
309 193 2
309 295 2
310 236 2
314 271 2
317 215 2
318 310 2
325 334 2
330 111 2
335 287 2
338 59 2
344 351 2
350 323 2
351 237 2
352 101 2
353 373 2
360 314 2
360 358 2
364 251 2
368 216 2
368 323 2
371 76 2
372 372 2
374 103 2
376 337 2
386 244 2
386 369 2
388 72 2
388 257 2
389 91 2
394 321 2
397 0 2
399 96 2
400 228 2
404 275 2
408 74 2
408 349 2
412 319 2
414 17 2
414 382 2
417 242 2
420 342 2
423 101 2
429 79 2
430 252 2
432 13 2
433 115 2
442 342 2
446 400 2
449 130 2
453 97 2
458 356 2
465 406 2
467 389 2
482 420 2
485 432 2
486 24 2
490 441 2
4 310 3
12 317 3
64 58 3
72 50 3
86 463 3
100 40 3
105 489 3
110 216 3
117 450 3
127 464 3
132 399 3
134 417 3
135 419 3
140 44 3
141 337 3
146 101 3
150 414 3
153 112 3
163 442 3
169 108 3
193 458 3
196 443 3
208 85 3
211 442 3
223 401 3
226 469 3
231 437 3
234 397 3
243 214 3
244 240 3
246 285 3
250 380 3
261 2 3
262 458 3
267 199 3
270 133 3
276 487 3
278 45 3
285 141 3
287 174 3
290 69 3
297 133 3
311 129 3
323 21 3
323 35 3
323 195 3
324 409 3
346 409 3
347 197 3
351 433 3
367 1 3
375 310 3
382 16 3
384 423 3
401 446 3
402 302 3
413 179 3
413 443 3
414 286 3
415 213 3
418 410 3
439 322 3
446 265 3
447 293 3
448 186 3
448 239 3
454 487 3
455 490 3
457 305 3
458 276 3
461 257 3
469 186 3
471 30 3
472 339 3
480 350 3
482 368 3
