14 35 1
33 27 1
33 219 1
57 1 1
63 379 1
80 10 1
107 278 1
132 20 1
143 265 1
174 86 1
178 61 1
201 255 1
209 317 1
213 218 1
219 201 1
221 43 1
229 18 1
232 104 1
236 48 1
237 2 1
238 16 1
250 22 1
252 68 1
252 164 1
254 134 1
255 7 1
259 51 1
260 90 1
263 177 1
272 30 1
275 44 1
275 173 1
279 55 1
281 102 1
284 346 1
289 84 1
291 49 1
291 167 1
302 38 1
303 151 1
304 63 1
305 55 1
305 78 1
310 110 1
312 365 1
313 270 1
319 118 1
328 34 1
330 74 1
333 86 1
338 39 1
342 3 1
345 27 1
348 48 1
349 127 1
352 93 1
355 32 1
356 6 1
360 118 1
364 145 1
365 17 1
367 221 1
369 236 1
381 121 1
387 143 1
389 161 1
391 111 1
397 126 1
400 19 1
407 111 1
408 123 1
409 164 1
418 23 1
420 119 1
426 2 1
431 32 1
444 14 1
447 141 1
455 25 1
461 92 1
2 118 2
4 388 2
6 194 2
9 138 2
11 99 2
11 162 2
13 350 2
14 239 2
18 217 2
19 311 2
23 186 2
25 145 2
29 378 2
31 293 2
35 341 2
40 247 2
44 307 2
50 332 2
51 332 2
53 346 2
55 235 2
56 405 2
58 371 2
62 214 2
63 312 2
71 294 2
74 338 2
74 372 2
79 320 2
86 306 2
87 391 2
93 237 2
95 253 2
95 356 2
99 338 2
104 13 2
105 311 2
107 235 2
108 453 2
111 262 2
112 8 2
112 326 2
117 438 2
119 275 2
123 231 2
123 286 2
127 427 2
128 3 2
134 319 2
137 342 2
140 424 2
141 222 2
144 236 2
145 6 2
153 434 2
155 248 2
158 275 2
162 434 2
164 355 2
169 266 2
171 265 2
172 253 2
180 339 2
184 355 2
184 443 2
197 117 2
199 205 2
200 336 2
202 163 2
202 225 2
206 439 2
211 129 2
211 411 2
214 344 2
216 432 2
219 445 2
227 327 2
228 149 2
228 439 2
229 169 2
239 459 2
240 327 2
246 412 2
251 317 2
255 451 2
260 237 2
261 206 2
261 222 2
262 310 2
264 219 2
268 447 2
269 324 2
270 415 2
282 209 2
286 249 2
287 114 2
293 408 2
300 197 2
302 245 2
304 215 2
306 348 2
308 405 2
315 194 2
320 150 2
323 369 2
324 404 2
325 243 2
326 388 2
331 139 2
338 414 2
342 399 2
349 332 2
355 395 2
356 308 2
357 407 2
366 299 2
367 353 2
370 391 2
372 201 2
377 328 2
378 419 2
385 393 2
391 412 2
395 334 2
395 427 2
399 319 2
400 402 2
408 420 2
425 292 2
428 320 2
449 310 2
455 283 2
461 306 2
10 12 3
28 16 3
47 31 3
59 18 3
64 35 3
82 184 3
90 174 3
97 400 3
100 184 3
117 215 3
120 27 3
131 178 3
139 399 3
140 31 3
167 105 3
170 287 3
176 311 3
181 111 3
187 132 3
190 62 3
194 281 3
197 87 3
205 100 3
209 288 3
213 280 3
214 86 3
219 69 3
236 273 3
246 124 3
247 257 3
253 107 3
255 288 3
266 117 3
269 398 3
272 137 3
275 11 3
283 144 3
284 131 3
287 25 3
291 128 3
300 269 3
318 24 3
325 56 3
331 206 3
337 238 3
353 158 3
355 234 3
355 252 3
373 110 3
384 179 3
400 144 3
408 199 3
416 431 3
425 131 3
427 158 3
430 373 3
431 397 3
432 143 3
436 116 3
441 127 3
446 384 3
447 54 3
448 37 3
454 381 3
456 364 3
459 192 3
