46 278 1
59 280 1
60 324 1
153 86 1
181 372 1
368 234 1
1 60 2
3 40 2
4 16 2
4 464 2
6 385 2
7 368 2
9 439 2
10 59 2
12 47 2
14 30 2
14 339 2
16 6 2
21 52 2
26 327 2
28 319 2
29 2 2
29 42 2
29 177 2
30 22 2
33 371 2
35 432 2
37 200 2
38 15 2
40 31 2
43 410 2
45 1 2
49 18 2
51 426 2
52 232 2
53 312 2
54 145 2
54 160 2
56 2 2
62 205 2
65 338 2
68 133 2
70 419 2
74 113 2
75 436 2
77 93 2
77 228 2
78 367 2
81 324 2
82 346 2
86 379 2
88 128 2
88 149 2
89 360 2
91 103 2
91 230 2
91 461 2
93 92 2
95 433 2
95 441 2
96 64 2
96 414 2
97 313 2
105 99 2
106 369 2
108 230 2
109 388 2
110 44 2
111 215 2
114 80 2
117 65 2
117 421 2
120 293 2
121 196 2
122 145 2
122 383 2
126 220 2
129 163 2
129 329 2
130 5 2
132 186 2
136 52 2
136 407 2
141 176 2
145 102 2
145 132 2
146 284 2
148 33 2
148 315 2
149 18 2
150 154 2
152 189 2
154 436 2
157 385 2
157 411 2
160 207 2
162 117 2
162 320 2
166 89 2
166 185 2
168 439 2
169 203 2
169 425 2
177 381 2
179 47 2
179 201 2
180 273 2
183 65 2
186 25 2
186 300 2
187 189 2
188 83 2
191 119 2
193 432 2
194 7 2
196 56 2
198 107 2
199 70 2
199 349 2
201 42 2
202 184 2
205 261 2
207 394 2
208 19 2
212 64 2
213 249 2
215 346 2
216 102 2
217 171 2
221 50 2
224 366 2
226 281 2
228 439 2
231 298 2
232 68 2
232 248 2
233 93 2
233 172 2
233 456 2
235 17 2
237 316 2
244 278 2
248 90 2
248 162 2
251 231 2
252 441 2
256 107 2
257 12 2
257 139 2
259 453 2
260 79 2
264 202 2
266 265 2
267 157 2
269 339 2
270 327 2
272 221 2
274 73 2
276 380 2
276 407 2
279 152 2
282 350 2
283 10 2
285 59 2
286 78 2
291 374 2
292 200 2
293 158 2
293 309 2
294 328 2
297 54 2
300 71 2
301 131 2
301 279 2
302 460 2
303 30 2
306 429 2
309 42 2
310 383 2
311 355 2
314 121 2
314 198 2
316 293 2
317 56 2
317 412 2
318 450 2
323 256 2
325 7 2
325 24 2
325 107 2
328 388 2
329 215 2
329 329 2
330 130 2
334 44 2
334 303 2
339 173 2
341 113 2
344 285 2
345 401 2
347 89 2
354 119 2
355 180 2
359 78 2
359 259 2
364 106 2
366 310 2
367 453 2
369 294 2
370 433 2
371 351 2
372 21 2
372 195 2
375 7 2
379 158 2
381 71 2
381 416 2
384 143 2
389 253 2
390 287 2
390 437 2
391 3 2
393 273 2
396 301 2
398 88 2
399 141 2
400 26 2
401 64 2
401 193 2
403 345 2
409 48 2
412 13 2
413 254 2
415 90 2
416 72 2
416 237 2
417 0 2
417 143 2
417 173 2
417 362 2
425 42 2
429 133 2
429 248 2
430 67 2
432 380 2
437 149 2
438 338 2
439 357 2
441 61 2
441 436 2
443 12 2
444 128 2
444 245 2
445 1 2
451 390 2
452 232 2
453 372 2
455 447 2
457 101 2
458 10 2
461 27 2
461 167 2
461 229 2
462 424 2
463 402 2
464 211 2
19 93 3
114 252 3
168 406 3
181 420 3
193 228 3
246 444 3
254 194 3
274 443 3
377 289 3
382 233 3
421 290 3
423 206 3
431 273 3
432 316 3
