30 412 1
162 111 1
360 468 1
371 483 1
447 399 1
460 420 1
18 434 2
18 473 2
477 172 2
485 193 2
485 223 2
18 369 3
22 71 3
38 92 3
40 309 3
41 262 3
58 348 3
65 439 3
67 449 3
71 2 3
73 2 3
86 405 3
90 318 3
100 243 3
100 323 3
106 408 3
115 5 3
116 46 3
121 483 3
124 167 3
129 328 3
136 402 3
154 100 3
157 74 3
167 105 3
168 141 3
179 256 3
185 437 3
187 166 3
188 447 3
189 73 3
190 206 3
202 191 3
204 264 3
211 223 3
213 368 3
219 249 3
226 58 3
229 262 3
239 426 3
240 154 3
240 184 3
241 294 3
242 23 3
242 264 3
244 61 3
250 230 3
258 30 3
258 348 3
263 16 3
268 22 3
270 323 3
271 478 3
273 33 3
273 225 3
277 141 3
281 0 3
285 75 3
287 281 3
296 28 3
301 95 3
308 195 3
314 288 3
324 355 3
325 27 3
327 400 3
335 140 3
362 292 3
372 100 3
374 70 3
382 290 3
385 34 3
398 112 3
414 218 3
418 1 3
418 355 3
423 371 3
427 328 3
427 340 3
433 22 3
434 142 3
436 172 3
442 0 3
445 428 3
446 438 3
447 440 3
448 440 3
468 451 3
471 423 3
474 136 3
481 12 3
