176 196 1
11 163 2
12 79 2
13 137 2
28 396 2
53 454 2
56 141 2
79 422 2
88 8 2
117 449 2
123 254 2
127 337 2
129 469 2
139 450 2
143 277 2
147 326 2
148 150 2
150 311 2
155 182 2
159 348 2
167 163 2
167 290 2
173 312 2
178 406 2
183 329 2
186 437 2
208 28 2
220 393 2
237 446 2
247 379 2
263 407 2
274 289 2
281 191 2
283 134 2
291 41 2
297 288 2
305 220 2
312 98 2
314 259 2
316 244 2
334 147 2
338 180 2
343 442 2
344 101 2
346 63 2
348 246 2
372 357 2
390 164 2
397 17 2
432 45 2
461 446 2
469 163 2
469 318 2
9 312 3
18 98 3
41 222 3
50 81 3
52 371 3
53 208 3
63 73 3
65 63 3
67 84 3
98 361 3
103 139 3
107 352 3
154 384 3
178 54 3
213 85 3
217 342 3
219 328 3
220 300 3
231 282 3
234 273 3
234 295 3
348 19 3
373 114 3
434 5 3
443 132 3
445 131 3
