52 300 1
105 191 1
108 203 1
130 392 1
137 30 1
146 12 1
190 22 1
217 8 1
231 3 1
232 47 1
240 97 1
242 9 1
253 60 1
256 88 1
258 33 1
261 109 1
261 143 1
263 100 1
268 41 1
268 57 1
269 192 1
274 101 1
274 109 1
277 207 1
278 11 1
280 38 1
299 40 1
303 6 1
306 45 1
310 60 1
314 73 1
322 54 1
328 184 1
333 18 1
333 126 1
334 88 1
335 28 1
342 121 1
343 102 1
343 112 1
345 143 1
347 32 1
347 307 1
352 82 1
353 40 1
355 88 1
355 102 1
356 261 1
359 75 1
359 168 1
364 147 1
369 131 1
373 164 1
378 53 1
378 82 1
378 179 1
380 152 1
381 13 1
381 133 1
383 164 1
383 197 1
383 284 1
388 44 1
401 26 1
414 2 1
414 14 1
415 87 1
430 198 1
447 199 1
453 322 1
455 348 1
474 268 1
478 44 1
479 253 1
481 31 1
481 66 1
481 89 1
486 123 1
487 230 1
498 129 1
500 365 1
6 251 2
9 199 2
10 481 2
17 104 2
18 328 2
19 171 2
23 225 2
24 127 2
25 419 2
26 488 2
27 42 2
28 347 2
35 10 2
35 64 2
36 154 2
41 459 2
48 171 2
50 59 2
50 389 2
52 201 2
53 13 2
53 36 2
55 400 2
56 111 2
57 349 2
60 240 2
60 319 2
61 445 2
61 462 2
61 493 2
62 132 2
66 302 2
66 422 2
69 382 2
73 48 2
73 340 2
78 88 2
80 35 2
80 395 2
80 494 2
81 68 2
81 251 2
82 18 2
84 127 2
84 415 2
86 338 2
97 42 2
97 273 2
98 291 2
102 84 2
103 322 2
111 234 2
113 127 2
115 59 2
115 92 2
115 110 2
119 400 2
123 72 2
124 496 2
126 430 2
128 298 2
130 118 2
131 159 2
133 347 2
135 65 2
135 338 2
136 93 2
138 172 2
140 441 2
142 329 2
144 281 2
145 449 2
150 399 2
152 385 2
155 91 2
160 298 2
162 121 2
166 474 2
168 490 2
169 202 2
169 251 2
171 500 2
172 177 2
172 219 2
172 271 2
173 366 2
173 414 2
176 164 2
180 62 2
181 390 2
182 325 2
185 241 2
185 343 2
191 469 2
194 189 2
196 368 2
197 215 2
200 294 2
205 190 2
208 412 2
209 432 2
212 117 2
213 389 2
215 331 2
216 276 2
217 456 2
221 311 2
224 20 2
225 138 2
225 218 2
225 236 2
227 258 2
229 486 2
234 335 2
236 429 2
237 448 2
237 478 2
238 161 2
238 242 2
238 496 2
239 353 2
240 415 2
242 374 2
245 468 2
248 226 2
248 396 2
250 270 2
255 418 2
256 127 2
257 438 2
259 262 2
261 319 2
269 167 2
271 137 2
272 274 2
273 338 2
278 491 2
282 477 2
284 413 2
291 445 2
293 257 2
293 494 2
304 300 2
304 411 2
305 313 2
308 348 2
310 500 2
314 489 2
322 225 2
325 370 2
326 239 2
332 295 2
332 494 2
333 260 2
342 458 2
351 340 2
357 447 2
358 477 2
358 494 2
361 353 2
368 344 2
368 430 2
376 232 2
377 390 2
378 97 2
381 357 2
388 433 2
391 250 2
391 313 2
395 467 2
397 182 2
397 263 2
398 196 2
398 408 2
402 324 2
402 341 2
404 293 2
407 241 2
407 258 2
408 384 2
410 162 2
410 201 2
410 452 2
412 354 2
415 320 2
416 419 2
425 183 2
427 350 2
429 334 2
430 67 2
430 229 2
431 268 2
432 451 2
434 255 2
435 85 2
438 172 2
438 490 2
442 99 2
445 447 2
446 279 2
454 305 2
454 463 2
458 39 2
459 54 2
459 64 2
459 109 2
459 258 2
460 81 2
463 98 2
463 272 2
465 461 2
478 218 2
490 5 2
495 486 2
499 166 2
3 13 3
4 62 3
12 142 3
13 261 3
15 185 3
22 464 3
26 21 3
33 244 3
43 269 3
50 92 3
70 175 3
86 439 3
86 453 3
99 417 3
102 163 3
103 405 3
106 6 3
106 432 3
106 467 3
108 148 3
109 270 3
113 452 3
129 263 3
162 36 3
166 54 3
184 51 3
194 76 3
195 112 3
196 62 3
199 131 3
199 157 3
203 72 3
208 58 3
210 30 3
221 63 3
226 503 3
241 70 3
244 107 3
248 331 3
260 226 3
272 79 3
286 222 3
289 84 3
289 137 3
290 6 3
291 272 3
299 82 3
302 249 3
302 277 3
303 127 3
304 231 3
305 137 3
308 110 3
312 199 3
315 298 3
318 13 3
326 137 3
327 168 3
330 46 3
343 318 3
345 172 3
348 476 3
350 246 3
352 225 3
359 207 3
361 191 3
367 217 3
375 298 3
388 220 3
389 325 3
409 71 3
418 502 3
421 107 3
421 119 3
428 131 3
431 116 3
437 125 3
454 364 3
454 377 3
460 135 3
461 420 3
462 124 3
466 169 3
467 142 3
470 131 3
473 191 3
488 452 3
491 424 3
494 440 3
