308 9 1
473 143 1
2 101 2
4 52 2
7 134 2
11 159 2
15 335 2
16 239 2
17 305 2
21 143 2
25 247 2
28 486 2
30 9 2
32 49 2
38 100 2
38 115 2
42 210 2
45 72 2
51 186 2
52 377 2
54 277 2
55 129 2
56 295 2
56 392 2
61 489 2
62 110 2
81 230 2
87 393 2
96 171 2
104 144 2
105 195 2
109 131 2
114 222 2
116 257 2
120 237 2
128 289 2
134 151 2
142 202 2
146 444 2
149 222 2
150 129 2
151 422 2
156 240 2
159 196 2
164 259 2
171 186 2
173 340 2
174 271 2
176 143 2
177 229 2
178 310 2
183 197 2
184 109 2
187 333 2
188 286 2
189 214 2
198 300 2
203 382 2
207 346 2
209 418 2
210 183 2
210 401 2
211 329 2
211 430 2
214 19 2
220 316 2
221 288 2
223 237 2
227 255 2
233 216 2
240 327 2
243 382 2
246 31 2
249 62 2
249 445 2
250 418 2
254 459 2
255 285 2
255 353 2
256 208 2
258 319 2
259 81 2
259 427 2
266 72 2
267 335 2
267 382 2
268 10 2
273 32 2
275 349 2
276 86 2
281 19 2
291 50 2
302 244 2
303 39 2
309 22 2
313 355 2
318 472 2
324 377 2
326 217 2
327 124 2
330 443 2
346 360 2
357 373 2
359 298 2
372 326 2
372 346 2
378 283 2
388 307 2
406 362 2
409 406 2
410 336 2
418 491 2
419 389 2
426 343 2
442 245 2
442 482 2
443 422 2
450 224 2
454 452 2
457 405 2
461 386 2
468 482 2
479 159 2
480 457 2
485 207 2
488 231 2
492 396 2
9 20 3
10 185 3
28 287 3
38 261 3
51 345 3
52 361 3
67 404 3
72 160 3
72 339 3
76 336 3
79 349 3
83 490 3
103 437 3
106 68 3
122 457 3
156 72 3
171 83 3
189 485 3
194 437 3
208 145 3
239 141 3
246 196 3
258 163 3
287 172 3
288 204 3
317 151 3
329 43 3
339 145 3
349 19 3
352 2 3
353 99 3
363 412 3
374 42 3
398 103 3
409 323 3
413 160 3
437 327 3
465 64 3
479 106 3
481 16 3
481 437 3
485 90 3
490 117 3
490 249 3
