24 452 1
37 324 1
37 422 1
92 351 1
121 220 1
125 113 1
140 140 1
176 27 1
196 55 1
9 460 2
18 440 2
39 448 2
49 403 2
50 426 2
78 421 2
84 450 2
93 390 2
98 414 2
115 428 2
128 456 2
132 338 2
133 395 2
138 218 2
139 209 2
141 311 2
144 430 2
148 196 2
148 247 2
149 278 2
150 157 2
150 338 2
153 223 2
156 258 2
157 127 2
157 142 2
157 377 2
157 408 2
164 185 2
168 285 2
168 306 2
175 346 2
176 165 2
182 209 2
182 383 2
185 127 2
190 140 2
195 286 2
196 419 2
198 308 2
199 187 2
212 23 2
213 84 2
213 192 2
215 373 2
218 168 2
219 396 2
219 428 2
220 47 2
222 279 2
223 4 2
223 457 2
224 82 2
227 101 2
229 149 2
229 185 2
232 34 2
235 122 2
239 303 2
239 446 2
248 88 2
248 178 2
251 135 2
251 368 2
252 337 2
257 68 2
258 35 2
258 52 2
258 117 2
258 150 2
261 459 2
265 273 2
267 5 2
267 105 2
267 174 2
268 317 2
269 92 2
269 419 2
271 214 2
274 239 2
274 290 2
279 43 2
279 84 2
279 376 2
279 391 2
282 66 2
284 147 2
284 445 2
287 198 2
287 257 2
290 321 2
292 223 2
293 183 2
294 109 2
299 269 2
299 362 2
300 293 2
301 409 2
307 14 2
307 30 2
310 340 2
311 50 2
311 254 2
313 189 2
314 323 2
315 211 2
316 355 2
317 237 2
317 307 2
318 95 2
322 282 2
324 11 2
324 372 2
327 398 2
328 325 2
329 49 2
329 457 2
331 67 2
333 104 2
333 120 2
334 426 2
337 94 2
337 257 2
341 33 2
341 290 2
348 337 2
349 66 2
351 385 2
354 81 2
354 194 2
355 355 2
358 55 2
358 100 2
359 270 2
359 366 2
364 11 2
364 288 2
365 120 2
365 204 2
365 256 2
367 64 2
371 323 2
372 41 2
375 248 2
375 265 2
376 357 2
379 1 2
381 181 2
384 131 2
384 305 2
389 387 2
391 317 2
392 207 2
392 261 2
395 47 2
395 115 2
396 227 2
398 22 2
399 145 2
400 1 2
400 341 2
405 163 2
410 451 2
412 40 2
412 272 2
415 339 2
417 408 2
418 317 2
418 433 2
419 152 2
421 369 2
423 226 2
424 251 2
425 63 2
429 5 2
430 321 2
431 268 2
431 457 2
433 76 2
436 210 2
436 379 2
438 293 2
439 195 2
441 125 2
442 337 2
442 404 2
444 105 2
444 150 2
444 307 2
444 363 2
450 10 2
451 43 2
452 218 2
452 248 2
454 62 2
455 87 2
455 275 2
457 133 2
458 331 2
460 29 2
461 355 2
463 104 2
3 300 3
5 329 3
6 249 3
8 391 3
14 266 3
14 355 3
15 219 3
16 386 3
20 239 3
22 130 3
25 53 3
26 388 3
28 414 3
32 286 3
33 372 3
37 117 3
39 201 3
39 387 3
42 225 3
46 149 3
46 286 3
46 338 3
47 312 3
51 259 3
57 217 3
58 240 3
58 271 3
58 368 3
60 184 3
62 357 3
65 298 3
69 394 3
70 40 3
77 294 3
81 230 3
82 141 3
84 166 3
86 195 3
89 87 3
89 278 3
92 43 3
93 232 3
94 21 3
94 29 3
103 49 3
106 75 3
112 196 3
114 166 3
116 9 3
116 179 3
116 257 3
116 287 3
124 50 3
124 74 3
125 2 3
128 194 3
131 33 3
146 88 3
153 36 3
154 95 3
177 86 3
344 311 3
