2 476 1
6 360 1
14 355 1
16 466 1
18 424 1
26 308 1
31 298 1
44 471 1
46 200 1
46 274 1
52 293 1
55 394 1
56 191 1
58 442 1
67 272 1
68 462 1
69 395 1
77 412 1
77 454 1
80 372 1
80 435 1
89 491 1
94 275 1
95 440 1
97 394 1
98 183 1
113 439 1
126 429 1
129 443 1
143 414 1
145 460 1
160 197 1
163 474 1
171 147 1
176 157 1
186 314 1
188 85 1
191 472 1
199 191 1
200 150 1
211 145 1
212 447 1
217 414 1
224 455 1
226 355 1
237 367 1
240 343 1
252 386 1
253 453 1
258 434 1
259 172 1
282 43 1
300 378 1
313 367 1
322 336 1
336 311 1
358 102 1
365 84 1
376 67 1
379 102 1
382 117 1
382 297 1
383 128 1
405 166 1
406 182 1
437 487 1
452 470 1
461 482 1
490 466 1
2 146 2
4 78 2
24 240 2
28 215 2
29 143 2
32 163 2
39 81 2
40 347 2
51 359 2
54 216 2
89 250 2
92 298 2
93 96 2
94 65 2
96 30 2
107 87 2
110 57 2
110 331 2
111 8 2
114 399 2
115 133 2
119 205 2
123 224 2
124 27 2
125 4 2
127 83 2
127 245 2
127 282 2
134 45 2
134 256 2
137 12 2
141 340 2
150 305 2
151 246 2
153 213 2
157 105 2
172 3 2
180 19 2
182 362 2
191 455 2
201 421 2
215 291 2
217 47 2
220 183 2
220 249 2
223 130 2
226 299 2
229 79 2
236 52 2
239 307 2
244 12 2
248 245 2
250 330 2
252 220 2
271 147 2
283 202 2
286 454 2
293 161 2
298 216 2
298 259 2
298 467 2
299 448 2
307 241 2
308 73 2
310 479 2
312 269 2
341 207 2
344 491 2
349 235 2
351 256 2
355 179 2
357 268 2
364 239 2
364 394 2
365 222 2
367 267 2
368 490 2
380 275 2
381 435 2
387 235 2
390 249 2
390 408 2
393 285 2
393 428 2
400 303 2
403 272 2
411 279 2
416 66 2
421 288 2
428 16 2
435 294 2
442 305 2
449 356 2
453 316 2
455 22 2
455 325 2
458 342 2
465 247 2
469 267 2
471 281 2
473 394 2
483 159 2
483 283 2
485 77 2
487 179 2
489 87 2
491 102 2
30 98 3
31 489 3
32 15 3
32 490 3
37 323 3
42 301 3
43 120 3
43 487 3
44 459 3
45 228 3
48 414 3
53 379 3
58 314 3
61 138 3
62 430 3
63 341 3
68 148 3
71 374 3
72 50 3
79 346 3
87 330 3
92 422 3
97 263 3
100 417 3
102 376 3
105 466 3
106 257 3
107 478 3
111 421 3
115 163 3
115 318 3
117 490 3
123 178 3
123 310 3
131 163 3
131 213 3
135 484 3
138 73 3
142 487 3
151 81 3
153 380 3
158 455 3
160 169 3
163 400 3
164 330 3
165 386 3
169 436 3
169 490 3
172 345 3
174 268 3
174 421 3
176 46 3
177 407 3
178 192 3
180 379 3
186 489 3
189 402 3
193 102 3
195 342 3
198 162 3
202 123 3
206 374 3
212 462 3
213 321 3
227 490 3
232 168 3
234 442 3
239 468 3
243 74 3
248 475 3
250 290 3
261 264 3
261 285 3
262 20 3
264 354 3
266 62 3
267 366 3
268 310 3
271 92 3
275 291 3
276 103 3
283 366 3
289 5 3
291 110 3
293 410 3
296 137 3
303 128 3
305 325 3
315 432 3
325 31 3
329 346 3
332 287 3
333 322 3
334 127 3
334 450 3
338 119 3
344 165 3
352 149 3
353 321 3
358 446 3
359 431 3
360 129 3
363 419 3
372 168 3
373 141 3
383 193 3
389 158 3
396 464 3
399 24 3
399 141 3
399 379 3
400 209 3
401 479 3
405 110 3
405 242 3
409 328 3
410 387 3
414 139 3
415 463 3
417 444 3
419 393 3
422 36 3
422 258 3
422 425 3
425 91 3
434 31 3
439 372 3
439 427 3
442 75 3
444 214 3
445 92 3
448 394 3
449 47 3
450 454 3
467 122 3
467 174 3
470 19 3
470 227 3
479 414 3
480 2 3
482 144 3
483 220 3
484 76 3
