223 294 1
244 241 1
245 223 1
251 200 1
263 208 1
270 199 1
278 231 1
278 242 1
285 214 1
287 251 1
287 287 1
288 227 1
290 274 1
296 220 1
297 245 1
297 494 1
301 173 1
303 235 1
304 226 1
310 183 1
313 195 1
313 268 1
318 257 1
322 208 1
327 330 1
335 273 1
336 242 1
336 256 1
338 208 1
340 222 1
342 187 1
343 233 1
347 267 1
353 251 1
354 221 1
357 167 1
359 156 1
362 273 1
368 227 1
370 285 1
371 16 1
373 151 1
373 266 1
375 254 1
382 94 1
383 185 1
385 233 1
386 275 1
388 219 1
390 204 1
390 264 1
391 172 1
393 104 1
394 244 1
396 57 1
400 178 1
403 75 1
407 34 1
415 212 1
421 149 1
422 234 1
423 188 1
424 136 1
426 176 1
428 217 1
429 18 1
429 199 1
431 78 1
431 167 1
432 32 1
432 67 1
432 247 1
433 291 1
435 5 1
435 141 1
439 15 1
443 79 1
446 128 1
450 213 1
458 191 1
459 373 1
466 362 1
470 410 1
1 410 2
3 444 2
6 297 2
8 270 2
12 228 2
12 341 2
14 396 2
18 61 2
21 146 2
27 137 2
29 477 2
32 284 2
32 353 2
43 256 2
45 3 2
47 142 2
48 218 2
48 423 2
51 84 2
51 331 2
53 368 2
68 93 2
74 6 2
76 145 2
78 413 2
81 169 2
82 304 2
83 360 2
84 196 2
89 117 2
100 150 2
113 39 2
116 162 2
117 125 2
119 385 2
124 10 2
128 419 2
131 63 2
131 137 2
134 189 2
148 157 2
150 487 2
154 26 2
156 81 2
158 366 2
164 408 2
165 471 2
169 328 2
177 57 2
177 202 2
179 166 2
180 449 2
185 180 2
187 34 2
192 280 2
198 52 2
198 450 2
204 407 2
207 306 2
209 151 2
213 189 2
222 81 2
229 276 2
242 72 2
244 160 2
252 27 2
255 92 2
266 158 2
271 66 2
271 379 2
275 483 2
279 133 2
295 61 2
296 320 2
304 115 2
316 18 2
321 81 2
333 151 2
335 116 2
341 488 2
343 64 2
347 42 2
362 357 2
367 396 2
375 318 2
378 444 2
386 472 2
399 410 2
401 463 2
407 7 2
412 435 2
11 14 3
11 130 3
28 33 3
49 383 3
112 347 3
130 255 3
160 190 3
168 255 3
186 346 3
191 93 3
231 305 3
327 289 3
333 310 3
344 393 3
345 382 3
348 300 3
367 129 3
378 122 3
407 96 3
418 484 3
424 95 3
435 314 3
436 484 3
443 352 3
444 421 3
448 299 3
450 100 3
464 53 3
467 156 3
470 347 3
473 216 3
474 389 3
477 10 3
483 245 3
486 154 3
