127 42 1
137 51 1
159 13 1
172 109 1
176 7 1
183 382 1
202 103 1
203 210 1
211 118 1
213 242 1
220 201 1
220 342 1
220 408 1
223 140 1
225 180 1
226 76 1
226 198 1
228 148 1
228 248 1
231 392 1
234 105 1
234 209 1
237 186 1
238 330 1
239 160 1
240 34 1
242 248 1
247 101 1
248 203 1
249 261 1
250 26 1
253 398 1
255 180 1
256 114 1
256 409 1
257 17 1
257 437 1
258 99 1
259 192 1
261 2 1
263 131 1
264 240 1
266 322 1
266 373 1
268 386 1
268 398 1
272 41 1
273 240 1
274 58 1
274 261 1
275 221 1
275 280 1
276 313 1
282 400 1
283 34 1
283 105 1
283 239 1
285 165 1
285 252 1
288 5 1
288 78 1
288 269 1
288 423 1
289 452 1
290 307 1
292 134 1
293 68 1
293 171 1
294 196 1
296 52 1
296 88 1
296 310 1
296 335 1
296 416 1
298 206 1
298 288 1
299 438 1
300 374 1
301 428 1
302 397 1
303 452 1
305 25 1
306 384 1
311 14 1
312 275 1
315 426 1
316 41 1
316 286 1
317 143 1
317 439 1
317 451 1
318 24 1
319 174 1
319 352 1
324 132 1
324 381 1
331 33 1
332 200 1
333 55 1
333 436 1
336 185 1
336 456 1
341 33 1
341 45 1
345 244 1
346 7 1
346 259 1
349 175 1
350 141 1
350 411 1
351 277 1
352 21 1
353 320 1
354 38 1
355 185 1
357 215 1
360 59 1
361 26 1
362 308 1
365 39 1
365 284 1
366 71 1
366 80 1
366 346 1
367 112 1
368 128 1
370 362 1
370 403 1
371 193 1
371 207 1
371 226 1
372 298 1
374 239 1
376 98 1
379 354 1
380 127 1
380 275 1
382 413 1
383 203 1
383 286 1
384 263 1
386 364 1
386 424 1
387 310 1
396 401 1
400 442 1
403 169 1
405 417 1
406 44 1
409 376 1
421 294 1
424 154 1
424 179 1
430 189 1
432 9 1
434 56 1
437 170 1
439 201 1
452 15 1
454 172 1
455 2 1
457 32 1
457 45 1
3 236 2
3 430 2
4 93 2
7 41 2
7 388 2
8 152 2
9 346 2
11 69 2
13 5 2
17 415 2
25 313 2
25 363 2
27 183 2
30 144 2
31 164 2
31 259 2
33 413 2
35 103 2
38 402 2
41 301 2
41 326 2
43 214 2
45 282 2
45 359 2
47 24 2
47 186 2
55 228 2
56 369 2
58 111 2
62 198 2
65 54 2
69 342 2
71 1 2
73 388 2
74 126 2
74 265 2
76 33 2
85 14 2
85 242 2
86 215 2
91 100 2
92 101 2
93 145 2
93 194 2
97 82 2
100 57 2
106 391 2
110 437 2
115 227 2
118 5 2
118 354 2
119 117 2
121 374 2
123 413 2
124 302 2
125 169 2
127 435 2
130 335 2
133 72 2
133 231 2
134 202 2
134 450 2
137 140 2
140 400 2
144 178 2
146 119 2
147 305 2
151 460 2
153 321 2
157 194 2
157 382 2
161 245 2
163 266 2
168 175 2
171 317 2
171 362 2
172 227 2
175 210 2
176 274 2
180 426 2
181 336 2
189 450 2
193 129 2
195 159 2
198 187 2
319 158 2
340 219 2
345 102 2
386 185 2
395 205 2
410 75 2
410 102 2
427 248 2
433 140 2
434 220 2
439 349 2
441 325 2
442 85 2
452 430 2
453 240 2
454 159 2
456 326 2
457 353 2
458 86 2
460 378 2
53 429 3
72 453 3
83 305 3
90 319 3
92 295 3
177 75 3
182 50 3
189 81 3
189 103 3
190 55 3
191 69 3
201 52 3
201 405 3
205 426 3
213 260 3
223 365 3
223 446 3
224 14 3
232 305 3
232 378 3
235 410 3
238 13 3
238 53 3
243 71 3
244 444 3
251 307 3
252 141 3
257 331 3
263 286 3
264 296 3
267 338 3
267 428 3
268 156 3
269 184 3
272 445 3
274 205 3
279 186 3
281 376 3
294 220 3
300 188 3
303 240 3
306 258 3
309 314 3
310 341 3
311 194 3
314 303 3
316 227 3
318 241 3
321 259 3
323 209 3
329 309 3
332 15 3
334 271 3
334 338 3
335 284 3
337 321 3
338 282 3
338 283 3
339 372 3
347 352 3
352 126 3
352 444 3
369 431 3
375 377 3
378 327 3
379 390 3
387 239 3
387 461 3
388 63 3
388 452 3
392 226 3
397 265 3
398 281 3
402 326 3
402 389 3
405 292 3
415 25 3
415 202 3
415 286 3
416 339 3
416 409 3
419 450 3
426 268 3
433 427 3
447 68 3
449 264 3
