88 487 1
123 185 1
169 212 1
185 100 1
216 119 1
219 104 1
220 154 1
251 131 1
251 147 1
285 180 1
290 168 1
325 96 1
4 450 2
7 359 2
9 411 2
10 287 2
15 333 2
24 489 2
27 287 2
29 341 2
31 249 2
31 310 2
51 464 2
54 384 2
62 352 2
99 366 2
104 333 2
104 400 2
106 286 2
106 302 2
108 385 2
110 442 2
113 412 2
114 351 2
114 457 2
120 368 2
123 325 2
123 394 2
124 295 2
125 282 2
129 309 2
131 347 2
132 398 2
140 453 2
142 265 2
144 425 2
146 323 2
146 336 2
148 397 2
151 311 2
151 373 2
151 439 2
155 282 2
156 269 2
165 386 2
167 267 2
170 409 2
171 458 2
173 237 2
173 441 2
179 250 2
180 299 2
181 272 2
185 420 2
186 378 2
190 479 2
192 361 2
194 401 2
195 249 2
196 460 2
203 369 2
206 487 2
207 269 2
210 290 2
210 317 2
211 417 2
211 444 2
215 393 2
220 248 2
221 463 2
224 451 2
225 298 2
225 438 2
226 410 2
227 354 2
227 491 2
232 425 2
233 276 2
235 468 2
236 482 2
239 365 2
244 306 2
246 410 2
246 441 2
251 277 2
254 324 2
255 356 2
255 462 2
260 298 2
268 280 2
270 350 2
276 305 2
279 473 2
280 454 2
287 286 2
291 443 2
294 301 2
295 412 2
298 374 2
301 345 2
301 431 2
308 305 2
314 382 2
320 347 2
322 370 2
328 401 2
338 488 2
342 472 2
361 460 2
55 8 3
84 453 3
105 137 3
116 109 3
117 131 3
117 252 3
136 135 3
141 223 3
147 197 3
149 210 3
150 183 3
167 143 3
183 186 3
193 74 3
198 168 3
203 191 3
205 143 3
210 19 3
220 33 3
240 60 3
265 215 3
268 100 3
274 239 3
287 108 3
288 217 3
299 195 3
300 101 3
304 261 3
311 63 3
312 11 3
331 296 3
332 264 3
336 197 3
340 236 3
353 339 3
358 19 3
362 397 3
365 444 3
376 263 3
382 441 3
387 426 3
388 384 3
403 290 3
406 430 3
408 55 3
411 103 3
412 248 3
414 300 3
420 79 3
422 463 3
423 12 3
423 376 3
423 487 3
425 47 3
429 344 3
431 488 3
432 19 3
433 92 3
434 360 3
443 414 3
444 136 3
452 43 3
453 405 3
459 209 3
470 50 3
477 64 3
479 143 3
479 189 3
481 82 3
483 109 3
484 241 3
487 53 3
488 84 3
490 258 3
493 51 3
