6 259 1
77 447 1
112 409 1
202 417 1
349 10 1
367 11 1
388 53 1
393 33 1
396 57 1
400 81 1
402 70 1
429 103 1
453 103 1
465 123 1
467 155 1
470 215 1
471 130 1
472 180 1
474 145 1
479 123 1
483 194 1
485 111 1
486 134 1
487 217 1
487 228 1
488 157 1
493 104 1
494 137 1
495 241 1
503 485 1
5 309 2
6 43 2
6 413 2
8 13 2
10 394 2
13 198 2
14 122 2
14 138 2
14 281 2
15 61 2
16 174 2
18 325 2
20 220 2
20 447 2
21 97 2
22 81 2
22 345 2
23 30 2
24 108 2
24 200 2
26 407 2
27 250 2
29 266 2
31 128 2
32 393 2
33 5 2
33 432 2
34 217 2
34 303 2
37 55 2
39 81 2
39 194 2
43 98 2
45 329 2
45 350 2
48 252 2
50 475 2
51 443 2
53 139 2
54 68 2
55 241 2
57 394 2
58 167 2
59 52 2
59 381 2
60 124 2
61 312 2
62 95 2
62 180 2
63 480 2
64 329 2
64 462 2
67 3 2
67 80 2
67 209 2
69 108 2
69 245 2
70 287 2
71 373 2
72 143 2
74 225 2
78 190 2
78 304 2
80 459 2
80 481 2
81 152 2
84 22 2
89 112 2
89 240 2
90 127 2
91 95 2
91 313 2
92 284 2
93 474 2
94 37 2
94 432 2
96 272 2
96 339 2
96 491 2
100 381 2
100 459 2
104 104 2
105 221 2
105 319 2
106 476 2
106 496 2
107 239 2
108 24 2
108 287 2
110 56 2
110 389 2
112 337 2
113 147 2
115 99 2
116 273 2
117 124 2
117 428 2
119 300 2
120 86 2
120 173 2
120 236 2
121 257 2
121 484 2
122 158 2
124 208 2
125 394 2
125 498 2
126 11 2
128 310 2
129 21 2
129 322 2
130 81 2
130 186 2
134 142 2
134 464 2
135 276 2
138 42 2
138 103 2
139 250 2
139 435 2
140 68 2
140 484 2
145 23 2
145 328 2
146 122 2
147 81 2
147 386 2
151 231 2
152 365 2
153 63 2
153 170 2
153 261 2
153 451 2
154 341 2
155 102 2
156 493 2
158 153 2
158 274 2
159 22 2
159 45 2
160 209 2
160 468 2
162 180 2
163 127 2
164 298 2
169 481 2
172 229 2
172 348 2
173 90 2
174 117 2
174 273 2
175 497 2
177 16 2
177 331 2
178 462 2
181 241 2
184 41 2
185 5 2
185 296 2
186 59 2
190 492 2
191 194 2
193 178 2
193 364 2
195 122 2
195 155 2
195 271 2
195 465 2
196 19 2
198 78 2
198 322 2
200 96 2
200 344 2
200 380 2
203 142 2
203 287 2
204 36 2
204 206 2
206 447 2
206 472 2
207 266 2
210 235 2
210 350 2
211 302 2
215 26 2
215 50 2
215 331 2
216 7 2
216 185 2
217 367 2
219 254 2
220 207 2
222 101 2
222 132 2
224 73 2
226 220 2
227 119 2
228 451 2
228 501 2
229 41 2
229 89 2
229 479 2
230 166 2
230 280 2
230 439 2
231 60 2
231 194 2
236 4 2
238 260 2
239 209 2
239 239 2
239 363 2
239 386 2
240 424 2
243 413 2
243 486 2
244 58 2
245 182 2
248 96 2
248 130 2
248 501 2
250 271 2
250 331 2
250 447 2
251 246 2
252 82 2
252 397 2
254 257 2
254 345 2
254 376 2
257 194 2
257 318 2
257 437 2
258 106 2
258 476 2
259 45 2
259 457 2
264 359 2
265 383 2
267 138 2
267 337 2
268 200 2
269 83 2
269 269 2
270 499 2
273 406 2
273 479 2
274 6 2
274 173 2
275 247 2
275 325 2
275 440 2
277 32 2
277 230 2
277 459 2
279 109 2
279 280 2
280 379 2
282 294 2
283 425 2
284 62 2
285 504 2
287 91 2
288 148 2
289 252 2
290 207 2
290 316 2
291 6 2
291 127 2
291 282 2
291 495 2
292 193 2
292 407 2
294 434 2
296 339 2
298 375 2
299 166 2
300 417 2
301 451 2
302 234 2
304 83 2
304 154 2
304 363 2
305 319 2
306 192 2
307 101 2
308 246 2
308 465 2
311 38 2
311 125 2
311 406 2
311 485 2
313 290 2
313 444 2
315 259 2
315 356 2
317 59 2
318 3 2
318 371 2
321 315 2
324 79 2
324 207 2
324 300 2
325 469 2
326 105 2
326 163 2
327 27 2
330 240 2
333 152 2
333 188 2
335 43 2
335 425 2
336 267 2
336 457 2
336 488 2
339 404 2
339 445 2
340 382 2
341 117 2
342 80 2
344 337 2
345 363 2
346 198 2
346 317 2
348 225 2
349 501 2
352 438 2
353 149 2
354 288 2
354 349 2
355 256 2
356 428 2
356 480 2
357 183 2
358 275 2
358 326 2
359 55 2
362 122 2
363 84 2
363 233 2
363 379 2
366 404 2
368 133 2
369 198 2
369 303 2
370 345 2
371 357 2
372 161 2
372 288 2
372 442 2
373 318 2
374 147 2
375 67 2
375 98 2
375 501 2
379 424 2
382 180 2
382 228 2
382 489 2
383 460 2
387 372 2
388 137 2
388 159 2
389 88 2
394 394 2
395 282 2
397 119 2
397 431 2
397 478 2
398 254 2
401 342 2
402 182 2
402 294 2
402 381 2
402 400 2
405 148 2
405 461 2
408 411 2
411 275 2
411 368 2
412 30 2
412 114 2
413 339 2
415 440 2
417 482 2
417 497 2
418 406 2
419 220 2
420 306 2
420 383 2
423 342 2
425 11 2
427 292 2
428 391 2
429 144 2
429 466 2
430 192 2
430 490 2
431 358 2
431 432 2
431 451 2
434 212 2
434 262 2
436 370 2
441 3 2
443 407 2
444 322 2
445 67 2
445 298 2
446 42 2
446 265 2
447 345 2
447 396 2
449 219 2
449 357 2
450 440 2
451 459 2
451 470 2
452 376 2
453 483 2
454 12 2
454 232 2
457 265 2
459 329 2
462 289 2
462 299 2
463 318 2
464 248 2
465 430 2
467 497 2
469 341 2
475 452 2
476 291 2
476 309 2
476 369 2
476 439 2
477 471 2
480 33 2
481 60 2
482 274 2
483 352 2
483 497 2
486 15 2
486 323 2
488 301 2
490 429 2
490 456 2
491 408 2
492 345 2
492 377 2
494 442 2
496 91 2
500 24 2
10 460 3
62 414 3
66 426 3
66 444 3
356 3 3
384 31 3
435 99 3
458 162 3
489 481 3
494 262 3
495 182 3
502 301 3
