434 209 1
2 127 2
2 190 2
4 12 2
4 390 2
5 85 2
11 318 2
12 67 2
12 405 2
14 196 2
15 216 2
17 165 2
21 75 2
26 382 2
29 344 2
31 120 2
32 313 2
32 429 2
33 22 2
35 149 2
37 281 2
38 189 2
39 386 2
41 203 2
44 42 2
45 265 2
47 360 2
51 144 2
53 57 2
53 399 2
55 377 2
57 268 2
60 201 2
64 451 2
66 86 2
66 308 2
67 131 2
67 385 2
72 406 2
74 23 2
77 179 2
79 64 2
79 329 2
79 353 2
83 435 2
84 151 2
85 409 2
93 303 2
99 38 2
99 72 2
99 171 2
106 310 2
106 428 2
107 408 2
108 21 2
109 268 2
110 91 2
110 385 2
111 61 2
112 341 2
116 362 2
117 152 2
125 218 2
126 278 2
129 343 2
129 407 2
132 136 2
135 184 2
136 11 2
136 425 2
138 22 2
139 154 2
141 220 2
143 204 2
147 380 2
149 182 2
152 290 2
155 428 2
156 358 2
157 273 2
158 68 2
158 337 2
160 7 2
163 21 2
164 84 2
165 147 2
166 174 2
166 402 2
168 242 2
170 437 2
172 55 2
172 311 2
174 70 2
174 363 2
176 133 2
179 338 2
180 40 2
182 107 2
182 294 2
186 353 2
189 205 2
189 240 2
190 375 2
193 168 2
193 431 2
194 61 2
194 458 2
198 337 2
200 309 2
201 25 2
202 111 2
202 358 2
206 131 2
207 48 2
210 225 2
210 245 2
211 116 2
213 413 2
215 332 2
216 171 2
218 60 2
218 461 2
222 141 2
225 237 2
228 362 2
231 388 2
232 106 2
232 162 2
233 43 2
234 67 2
236 243 2
236 441 2
243 19 2
243 404 2
244 375 2
245 459 2
247 256 2
248 220 2
250 49 2
252 237 2
256 176 2
258 88 2
259 162 2
261 192 2
265 59 2
266 254 2
267 462 2
271 224 2
275 437 2
276 140 2
278 236 2
280 90 2
282 197 2
288 14 2
289 426 2
291 149 2
292 371 2
297 386 2
300 45 2
303 438 2
307 387 2
307 399 2
311 32 2
312 273 2
313 14 2
316 159 2
316 207 2
317 337 2
325 82 2
326 138 2
326 357 2
327 264 2
328 46 2
329 414 2
330 5 2
331 172 2
332 195 2
333 108 2
333 325 2
335 20 2
335 216 2
339 62 2
345 129 2
347 27 2
347 87 2
347 167 2
349 145 2
350 43 2
351 345 2
354 101 2
357 63 2
359 17 2
359 181 2
363 293 2
363 320 2
367 16 2
367 243 2
369 117 2
372 156 2
374 400 2
375 93 2
377 269 2
380 71 2
380 247 2
381 302 2
387 5 2
392 144 2
392 221 2
392 255 2
393 27 2
396 385 2
397 62 2
398 271 2
399 406 2
400 419 2
402 87 2
404 186 2
407 323 2
408 135 2
408 290 2
410 6 2
410 361 2
411 265 2
415 51 2
418 250 2
418 393 2
420 180 2
421 377 2
422 443 2
423 284 2
423 347 2
426 45 2
428 68 2
431 315 2
432 136 2
433 117 2
433 358 2
434 324 2
435 300 2
436 457 2
437 278 2
440 341 2
441 261 2
441 383 2
441 427 2
442 46 2
445 363 2
446 3 2
446 92 2
452 275 2
453 306 2
453 403 2
454 196 2
457 424 2
461 362 2
2 243 3
41 250 3
51 235 3
58 116 3
73 217 3
77 225 3
77 243 3
94 227 3
105 187 3
121 179 3
121 241 3
140 247 3
191 262 3
231 271 3
242 302 3
255 297 3
261 269 3
273 175 3
273 401 3
279 367 3
289 169 3
300 180 3
302 240 3
308 188 3
315 431 3
322 229 3
399 452 3
410 214 3
415 206 3
