203 392 1
347 369 1
357 381 1
362 128 1
8 356 2
21 177 2
23 328 2
29 286 2
50 281 2
51 124 2
67 39 2
79 127 2
86 300 2
89 237 2
99 127 2
109 119 2
110 267 2
111 36 2
113 322 2
114 186 2
128 177 2
130 308 2
134 409 2
138 172 2
141 281 2
143 314 2
150 300 2
151 328 2
155 38 2
155 401 2
160 155 2
163 47 2
167 334 2
173 328 2
174 443 2
177 207 2
190 136 2
190 184 2
216 7 2
246 116 2
250 195 2
254 435 2
257 20 2
259 149 2
260 95 2
266 460 2
274 138 2
275 34 2
276 177 2
278 67 2
283 106 2
292 464 2
296 88 2
297 161 2
302 62 2
305 424 2
308 129 2
308 460 2
316 192 2
318 24 2
319 2 2
334 453 2
345 65 2
358 40 2
363 459 2
384 458 2
390 54 2
390 83 2
393 249 2
394 31 2
402 69 2
403 53 2
406 337 2
408 32 2
416 78 2
429 57 2
441 73 2
5 156 3
23 128 3
38 369 3
46 154 3
61 321 3
62 141 3
62 200 3
63 397 3
71 167 3
107 397 3
132 87 3
135 369 3
140 79 3
146 67 3
147 376 3
150 84 3
199 364 3
204 206 3
209 375 3
211 309 3
221 343 3
223 255 3
242 250 3
244 290 3
252 211 3
273 424 3
279 282 3
289 382 3
291 259 3
293 359 3
294 186 3
305 271 3
325 329 3
326 366 3
330 426 3
334 342 3
336 192 3
342 425 3
345 206 3
346 359 3
354 196 3
355 398 3
363 432 3
365 422 3
383 367 3
384 439 3
392 400 3
415 390 3
420 289 3
433 292 3
434 439 3
442 268 3
