206 18 1
216 13 1
248 1 1
283 204 1
352 337 1
361 390 1
365 77 1
372 243 1
389 468 1
32 427 3
47 176 3
51 462 3
60 329 3
60 409 3
66 181 3
102 56 3
115 220 3
127 225 3
146 188 3
147 163 3
152 17 3
158 161 3
182 411 3
195 369 3
196 106 3
199 84 3
205 72 3
209 205 3
209 395 3
211 332 3
222 401 3
225 218 3
231 146 3
233 57 3
242 181 3
247 378 3
259 297 3
269 372 3
281 360 3
284 285 3
286 173 3
293 10 3
293 71 3
296 180 3
297 203 3
308 469 3
309 197 3
313 68 3
318 159 3
319 468 3
340 47 3
343 34 3
361 443 3
364 136 3
364 291 3
365 173 3
380 498 3
382 160 3
398 494 3
413 51 3
414 147 3
424 29 3
428 42 3
435 13 3
436 122 3
450 131 3
460 432 3
466 95 3
476 1 3
484 302 3
488 139 3
