8 16 1
254 408 1
370 493 1
2 434 2
5 321 2
7 503 2
9 172 2
14 277 2
17 223 2
20 48 2
25 87 2
29 299 2
29 315 2
31 482 2
33 39 2
33 282 2
35 64 2
41 466 2
42 491 2
43 24 2
45 87 2
45 229 2
48 51 2
55 301 2
60 67 2
61 333 2
64 458 2
67 225 2
68 83 2
68 439 2
70 120 2
71 273 2
73 398 2
74 101 2
76 285 2
77 0 2
80 75 2
83 227 2
84 314 2
88 241 2
89 87 2
91 215 2
94 158 2
103 249 2
105 98 2
106 5 2
108 202 2
109 258 2
111 276 2
114 242 2
115 223 2
115 403 2
116 129 2
117 108 2
118 149 2
122 170 2
130 143 2
131 470 2
137 456 2
139 422 2
143 482 2
149 251 2
161 216 2
162 467 2
165 261 2
166 232 2
171 178 2
173 451 2
176 322 2
177 389 2
177 484 2
180 239 2
180 420 2
184 284 2
185 379 2
190 198 2
194 323 2
194 447 2
195 365 2
197 463 2
198 490 2
199 45 2
206 477 2
208 60 2
214 84 2
225 131 2
226 173 2
228 237 2
230 157 2
231 53 2
239 495 2
242 76 2
243 122 2
245 145 2
249 172 2
262 317 2
266 73 2
271 108 2
273 471 2
279 12 2
280 299 2
281 33 2
282 132 2
287 47 2
289 110 2
290 276 2
296 206 2
299 264 2
303 144 2
303 163 2
315 312 2
321 403 2
322 88 2
323 110 2
323 360 2
324 293 2
325 422 2
327 376 2
327 413 2
328 10 2
328 187 2
333 96 2
340 393 2
346 283 2
349 494 2
350 268 2
353 343 2
355 81 2
357 400 2
364 359 2
366 24 2
369 35 2
369 182 2
369 266 2
369 441 2
371 232 2
377 336 2
379 144 2
379 170 2
384 86 2
388 419 2
389 225 2
393 445 2
394 302 2
399 61 2
399 323 2
400 7 2
400 360 2
402 110 2
404 171 2
407 24 2
412 129 2
413 270 2
416 275 2
419 245 2
424 359 2
427 30 2
429 431 2
429 473 2
432 144 2
432 256 2
432 346 2
432 501 2
436 77 2
436 102 2
441 372 2
445 398 2
448 257 2
448 287 2
451 323 2
451 498 2
453 89 2
453 463 2
457 175 2
462 398 2
466 206 2
467 95 2
468 237 2
472 271 2
472 451 2
474 106 2
475 391 2
476 189 2
480 223 2
482 295 2
483 354 2
491 324 2
491 433 2
494 271 2
496 5 2
501 132 2
501 493 2
502 468 2
3 150 3
11 465 3
14 404 3
15 448 3
46 362 3
53 259 3
62 496 3
83 53 3
88 268 3
100 40 3
101 333 3
112 82 3
115 369 3
117 377 3
118 339 3
124 321 3
132 60 3
134 307 3
137 72 3
144 90 3
165 8 3
179 217 3
180 360 3
185 342 3
194 2 3
195 426 3
203 221 3
213 11 3
225 22 3
228 431 3
229 44 3
240 311 3
242 476 3
243 388 3
250 451 3
251 423 3
254 293 3
283 487 3
292 498 3
296 402 3
310 381 3
334 252 3
338 117 3
348 124 3
352 216 3
363 420 3
370 462 3
396 404 3
403 391 3
408 379 3
413 298 3
414 426 3
422 412 3
423 290 3
424 179 3
434 386 3
438 188 3
443 29 3
476 140 3
485 66 3
501 55 3
