69 101 1
145 50 1
419 116 1
437 120 1
3 109 2
3 403 2
4 99 2
10 422 2
17 344 2
28 74 2
31 330 2
38 296 2
46 258 2
48 72 2
48 87 2
49 51 2
64 185 2
66 207 2
72 36 2
77 424 2
79 166 2
82 256 2
82 396 2
86 444 2
86 456 2
89 374 2
90 331 2
90 357 2
95 28 2
95 418 2
99 312 2
102 296 2
106 460 2
116 298 2
118 168 2
119 191 2
121 368 2
126 273 2
127 250 2
128 393 2
142 296 2
146 209 2
153 244 2
154 418 2
163 64 2
163 94 2
168 240 2
168 443 2
170 319 2
174 124 2
176 68 2
178 426 2
183 327 2
186 342 2
196 130 2
196 279 2
196 373 2
199 59 2
199 231 2
199 352 2
199 398 2
200 75 2
200 207 2
202 299 2
203 126 2
203 162 2
204 38 2
206 452 2
207 315 2
211 364 2
212 436 2
214 188 2
215 375 2
217 290 2
219 91 2
220 106 2
221 154 2
223 3 2
223 140 2
225 428 2
226 173 2
228 195 2
228 386 2
229 38 2
230 367 2
233 81 2
235 113 2
235 377 2
235 416 2
239 401 2
240 14 2
247 1 2
247 77 2
248 51 2
248 264 2
249 239 2
250 218 2
252 197 2
254 279 2
266 26 2
270 157 2
270 178 2
270 295 2
271 309 2
275 260 2
277 14 2
277 332 2
280 280 2
281 342 2
282 368 2
291 149 2
294 258 2
295 323 2
299 307 2
301 189 2
304 120 2
305 133 2
307 332 2
310 212 2
316 108 2
317 312 2
319 293 2
320 252 2
321 323 2
328 147 2
330 285 2
336 293 2
340 118 2
343 178 2
347 85 2
347 136 2
347 263 2
350 279 2
352 75 2
359 296 2
360 48 2
366 277 2
373 296 2
374 181 2
376 157 2
377 129 2
378 61 2
380 244 2
383 286 2
392 199 2
394 272 2
395 85 2
395 174 2
399 20 2
400 52 2
401 33 2
403 210 2
405 196 2
408 242 2
411 148 2
413 162 2
418 22 2
419 7 2
420 74 2
421 211 2
423 230 2
432 4 2
434 178 2
439 211 2
441 59 2
444 82 2
444 163 2
448 201 2
450 7 2
450 39 2
450 186 2
461 163 2
462 60 2
463 81 2
27 92 3
28 53 3
34 394 3
37 347 3
38 105 3
46 395 3
59 31 3
97 73 3
97 130 3
99 54 3
117 8 3
121 22 3
127 103 3
129 82 3
144 84 3
160 28 3
166 3 3
251 454 3
259 336 3
271 422 3
295 424 3
301 416 3
327 391 3
328 461 3
341 336 3
343 387 3
345 402 3
352 442 3
360 341 3
366 435 3
379 459 3
385 376 3
385 441 3
393 340 3
397 440 3
412 341 3
415 381 3
422 437 3
424 345 3
429 423 3
431 373 3
434 333 3
440 326 3
442 372 3
451 396 3
