2 81 1
10 66 1
18 74 1
21 52 1
29 45 1
31 77 1
39 51 1
40 432 1
42 360 1
49 42 1
50 159 1
51 338 1
52 353 1
54 71 1
55 21 1
57 375 1
59 33 1
61 429 1
62 408 1
66 399 1
69 71 1
70 435 1
72 371 1
72 459 1
76 446 1
77 394 1
79 364 1
80 406 1
86 384 1
89 400 1
90 442 1
91 454 1
92 344 1
92 410 1
92 427 1
98 388 1
100 419 1
103 459 1
108 432 1
109 414 1
111 451 1
121 17 1
125 74 1
128 42 1
128 58 1
134 27 1
138 11 1
139 51 1
219 178 1
230 144 1
246 150 1
341 401 1
352 73 1
353 63 1
385 58 1
415 415 1
107 303 2
130 299 2
130 313 2
145 282 2
146 269 2
157 292 2
161 265 2
167 312 2
177 293 2
182 312 2
196 313 2
198 296 2
201 264 2
207 230 2
210 310 2
211 274 2
219 214 2
221 258 2
223 308 2
226 282 2
235 306 2
237 249 2
238 318 2
244 279 2
246 209 2
248 188 2
248 306 2
255 253 2
261 229 2
264 265 2
266 185 2
269 245 2
275 292 2
277 341 2
284 247 2
286 188 2
289 264 2
293 218 2
293 235 2
296 290 2
301 342 2
308 218 2
308 353 2
311 261 2
316 286 2
318 183 2
324 235 2
329 216 2
331 272 2
345 200 2
349 231 2
352 272 2
364 229 2
364 255 2
374 337 2
379 321 2
381 212 2
407 200 2
415 278 2
418 320 2
420 245 2
421 306 2
423 191 2
428 338 2
434 318 2
436 279 2
446 225 2
449 269 2
451 190 2
452 208 2
452 324 2
455 251 2
459 301 2
2 340 3
12 353 3
15 285 3
15 397 3
24 353 3
30 256 3
30 446 3
46 324 3
50 171 3
52 310 3
60 294 3
73 239 3
77 317 3
80 42 3
84 218 3
91 282 3
95 24 3
99 252 3
100 370 3
106 263 3
122 192 3
129 442 3
130 112 3
131 221 3
132 234 3
144 455 3
148 99 3
154 449 3
166 198 3
168 87 3
178 456 3
181 92 3
181 137 3
184 179 3
195 194 3
211 452 3
215 345 3
220 458 3
222 448 3
240 372 3
241 102 3
245 69 3
249 94 3
251 95 3
255 84 3
261 125 3
273 102 3
277 362 3
278 40 3
281 125 3
299 123 3
312 92 3
328 344 3
330 390 3
332 46 3
332 99 3
336 335 3
350 421 3
351 150 3
353 452 3
356 9 3
359 109 3
371 62 3
372 380 3
381 157 3
383 405 3
391 392 3
395 131 3
401 387 3
403 62 3
403 377 3
414 173 3
424 75 3
436 30 3
440 128 3
441 156 3
458 99 3
460 37 3
