52 233 1
305 304 1
2 147 2
3 33 2
4 479 2
6 77 2
9 405 2
9 438 2
9 457 2
10 157 2
11 96 2
17 392 2
21 162 2
26 104 2
33 25 2
33 87 2
45 202 2
54 51 2
55 16 2
62 181 2
67 236 2
68 146 2
70 252 2
77 216 2
79 117 2
87 147 2
90 187 2
91 85 2
92 396 2
93 375 2
98 319 2
100 297 2
100 422 2
102 121 2
103 264 2
104 345 2
105 454 2
106 25 2
109 213 2
110 102 2
111 161 2
114 10 2
115 55 2
120 80 2
120 272 2
122 28 2
122 394 2
123 192 2
125 252 2
126 222 2
127 475 2
130 159 2
134 101 2
136 15 2
137 118 2
138 436 2
143 260 2
144 51 2
144 319 2
148 288 2
149 4 2
152 420 2
154 381 2
157 339 2
158 214 2
161 237 2
169 262 2
169 465 2
174 184 2
177 392 2
184 277 2
186 204 2
186 367 2
188 124 2
188 427 2
190 174 2
191 322 2
196 105 2
196 352 2
196 490 2
197 60 2
198 408 2
200 84 2
200 295 2
202 463 2
203 162 2
205 38 2
206 381 2
208 255 2
208 275 2
211 192 2
213 19 2
213 223 2
218 75 2
226 107 2
229 85 2
233 144 2
239 308 2
240 178 2
241 386 2
242 6 2
242 413 2
244 50 2
244 328 2
244 346 2
247 365 2
251 426 2
255 272 2
268 246 2
270 351 2
275 372 2
278 399 2
281 266 2
289 337 2
290 172 2
291 26 2
292 280 2
295 10 2
296 190 2
297 211 2
313 287 2
321 241 2
324 311 2
334 341 2
337 213 2
338 431 2
341 317 2
341 451 2
341 467 2
349 484 2
351 237 2
352 73 2
352 355 2
355 46 2
357 255 2
360 371 2
363 128 2
364 323 2
366 103 2
368 338 2
369 394 2
369 417 2
370 473 2
372 44 2
373 436 2
378 266 2
383 290 2
383 384 2
384 148 2
387 11 2
394 66 2
395 325 2
395 347 2
397 367 2
402 88 2
415 124 2
422 173 2
423 103 2
430 139 2
432 194 2
2 312 3
4 298 3
22 361 3
25 237 3
26 174 3
26 449 3
28 270 3
36 155 3
38 220 3
41 348 3
46 187 3
47 282 3
48 161 3
49 268 3
51 430 3
63 301 3
67 352 3
70 466 3
71 376 3
80 249 3
81 485 3
91 227 3
91 484 3
156 137 3
162 70 3
172 162 3
177 140 3
182 9 3
228 482 3
252 240 3
268 388 3
276 464 3
279 54 3
290 484 3
298 359 3
310 59 3
316 87 3
317 70 3
344 175 3
403 483 3
413 217 3
424 283 3
431 316 3
442 249 3
453 273 3
457 244 3
458 278 3
462 222 3
473 486 3
477 258 3
478 71 3
479 314 3
482 11 3
482 174 3
482 418 3
482 488 3
491 244 3
