191 87 1
224 353 1
261 368 1
267 359 1
279 354 1
288 341 1
288 386 1
290 328 1
294 369 1
299 312 1
305 321 1
308 365 1
310 375 1
313 327 1
315 391 1
318 405 1
325 324 1
326 311 1
329 438 1
343 333 1
360 327 1
362 344 1
364 304 1
375 108 1
383 287 1
385 23 1
408 296 1
419 287 1
427 278 1
433 268 1
0 184 2
1 166 2
1 425 2
2 101 2
3 247 2
5 455 2
6 19 2
7 89 2
7 114 2
7 199 2
9 40 2
10 442 2
11 4 2
12 181 2
13 150 2
13 294 2
17 253 2
19 106 2
19 346 2
20 446 2
23 86 2
23 164 2
24 278 2
25 328 2
27 214 2
29 32 2
32 338 2
33 251 2
35 464 2
37 177 2
37 365 2
38 294 2
38 377 2
39 194 2
40 125 2
42 211 2
42 272 2
46 456 2
49 334 2
51 368 2
52 249 2
52 347 2
55 153 2
55 236 2
58 411 2
60 201 2
61 173 2
63 57 2
63 121 2
64 441 2
68 258 2
70 71 2
70 354 2
73 149 2
73 407 2
75 216 2
75 451 2
76 374 2
78 329 2
79 32 2
79 197 2
81 179 2
82 235 2
85 361 2
86 161 2
91 302 2
93 336 2
95 2 2
95 256 2
95 378 2
97 43 2
100 111 2
101 457 2
102 233 2
104 196 2
105 318 2
108 180 2
108 355 2
110 93 2
110 129 2
111 29 2
113 255 2
114 43 2
115 150 2
115 437 2
116 112 2
119 1 2
119 201 2
121 241 2
126 82 2
128 448 2
129 314 2
130 28 2
131 138 2
132 353 2
133 220 2
135 102 2
136 269 2
136 425 2
139 241 2
139 298 2
139 338 2
139 408 2
141 459 2
142 73 2
142 124 2
149 443 2
150 136 2
151 154 2
154 113 2
154 312 2
155 293 2
156 5 2
158 364 2
159 22 2
159 50 2
159 91 2
159 277 2
160 204 2
160 463 2
162 331 2
163 0 2
164 131 2
166 424 2
167 407 2
170 9 2
170 349 2
173 227 2
176 145 2
178 281 2
178 441 2
179 247 2
185 303 2
186 329 2
186 346 2
192 121 2
192 186 2
192 271 2
192 453 2
193 52 2
196 19 2
196 143 2
196 391 2
197 177 2
197 437 2
203 106 2
205 41 2
205 195 2
206 215 2
207 367 2
208 78 2
209 59 2
210 8 2
210 244 2
211 315 2
214 377 2
215 228 2
221 106 2
221 188 2
223 42 2
232 193 2
234 220 2
234 390 2
236 117 2
236 134 2
237 371 2
248 125 2
249 100 2
251 77 2
251 268 2
253 315 2
255 193 2
258 18 2
258 324 2
259 184 2
260 222 2
260 255 2
264 61 2
266 118 2
268 271 2
270 29 2
272 406 2
275 194 2
275 243 2
277 135 2
278 176 2
278 267 2
279 222 2
280 5 2
281 161 2
285 256 2
285 300 2
286 88 2
288 24 2
288 284 2
290 105 2
294 269 2
296 235 2
300 78 2
300 392 2
303 103 2
304 185 2
308 244 2
308 270 2
309 155 2
318 17 2
322 293 2
323 76 2
324 178 2
325 103 2
325 265 2
327 5 2
333 54 2
339 277 2
340 192 2
341 385 2
342 258 2
346 216 2
350 3 2
351 420 2
355 97 2
359 26 2
359 73 2
359 402 2
360 276 2
364 7 2
364 182 2
365 223 2
365 449 2
367 375 2
372 137 2
372 239 2
374 151 2
377 311 2
378 3 2
378 208 2
380 33 2
380 408 2
385 83 2
388 372 2
388 435 2
389 64 2
390 134 2
391 43 2
393 190 2
395 453 2
396 100 2
396 166 2
402 55 2
404 198 2
405 357 2
406 338 2
410 87 2
410 149 2
410 207 2
410 382 2
410 434 2
411 183 2
412 102 2
413 9 2
413 453 2
414 160 2
415 225 2
416 405 2
417 39 2
422 463 2
424 343 2
425 331 2
425 428 2
426 369 2
428 137 2
430 104 2
432 446 2
435 215 2
435 461 2
436 198 2
437 403 2
438 172 2
439 384 2
440 130 2
444 109 2
445 346 2
445 446 2
447 366 2
448 147 2
450 87 2
453 28 2
453 392 2
459 138 2
460 112 2
460 170 2
463 99 2
2 216 3
31 229 3
40 140 3
49 31 3
55 70 3
89 92 3
91 271 3
141 198 3
143 60 3
183 172 3
193 224 3
198 234 3
214 347 3
218 162 3
226 79 3
227 208 3
230 89 3
251 437 3
260 447 3
263 347 3
272 325 3
277 430 3
285 316 3
297 352 3
312 457 3
313 343 3
321 378 3
345 317 3
349 307 3
349 326 3
356 353 3
384 244 3
390 244 3
398 286 3
407 238 3
426 117 3
430 186 3
443 184 3
448 206 3
452 199 3
