2 193 1
3 429 1
16 17 1
22 109 1
47 126 1
113 208 1
132 289 1
140 170 1
146 175 1
262 271 1
269 261 1
274 284 1
297 219 1
438 34 1
64 22 2
78 69 2
94 35 2
102 6 2
107 55 2
115 74 2
123 7 2
134 242 2
142 12 2
148 123 2
165 16 2
168 260 2
182 46 2
194 252 2
199 275 2
219 275 2
235 30 2
250 6 2
255 102 2
255 325 2
259 42 2
269 341 2
274 62 2
275 24 2
282 239 2
290 2 2
295 34 2
304 13 2
304 322 2
316 43 2
316 210 2
318 334 2
335 380 2
338 362 2
348 130 2
349 394 2
351 429 2
361 201 2
362 150 2
366 114 2
373 181 2
374 60 2
379 221 2
379 399 2
382 86 2
384 31 2
384 166 2
386 134 2
386 205 2
389 430 2
400 49 2
400 157 2
401 185 2
403 393 2
411 65 2
414 223 2
417 88 2
417 122 2
423 198 2
424 253 2
427 177 2
427 447 2
433 416 2
443 236 2
445 142 2
447 170 2
447 220 2
477 7 2
7 118 3
25 175 3
30 96 3
40 23 3
49 181 3
55 221 3
57 335 3
60 135 3
61 175 3
63 111 3
63 240 3
63 284 3
70 427 3
78 209 3
87 282 3
88 178 3
113 164 3
115 399 3
125 105 3
133 73 3
150 490 3
158 289 3
161 169 3
175 147 3
186 85 3
206 13 3
208 96 3
215 319 3
220 463 3
221 127 3
225 109 3
242 121 3
242 131 3
245 433 3
246 388 3
257 171 3
266 428 3
272 369 3
280 422 3
282 266 3
285 101 3
291 119 3
291 440 3
293 163 3
296 265 3
297 131 3
311 480 3
315 435 3
335 66 3
338 282 3
340 209 3
361 274 3
387 297 3
391 122 3
395 361 3
420 458 3
432 354 3
438 333 3
444 290 3
444 356 3
447 66 3
447 262 3
468 484 3
478 103 3
482 45 3
485 415 3
