1 334 1
3 244 1
3 455 1
5 373 1
6 94 1
7 310 1
8 210 1
9 4 1
10 265 1
12 255 1
15 319 1
18 467 1
19 219 1
21 294 1
22 23 1
22 371 1
22 450 1
24 423 1
25 98 1
27 271 1
28 207 1
29 52 1
33 280 1
34 488 1
37 187 1
38 220 1
39 92 1
40 292 1
42 275 1
42 316 1
42 477 1
44 204 1
45 393 1
46 236 1
47 83 1
49 42 1
51 143 1
51 247 1
51 330 1
52 360 1
54 347 1
55 293 1
56 121 1
56 479 1
57 401 1
58 209 1
58 376 1
59 79 1
59 109 1
59 491 1
61 265 1
62 306 1
65 354 1
66 461 1
67 396 1
68 250 1
69 125 1
69 374 1
69 445 1
70 80 1
70 324 1
75 336 1
77 97 1
79 113 1
79 404 1
82 424 1
85 124 1
89 344 1
90 86 1
91 413 1
94 358 1
96 288 1
98 130 1
98 369 1
99 78 1
99 267 1
99 434 1
100 141 1
105 467 1
105 488 1
106 405 1
107 90 1
107 453 1
108 125 1
109 64 1
109 80 1
110 361 1
111 387 1
112 273 1
113 54 1
114 482 1
116 120 1
116 412 1
116 439 1
117 26 1
117 265 1
121 474 1
123 46 1
124 284 1
124 331 1
126 305 1
126 440 1
129 491 1
130 124 1
137 25 1
137 132 1
141 147 1
143 109 1
145 74 1
145 297 1
146 422 1
150 205 1
150 436 1
151 133 1
153 175 1
153 256 1
153 406 1
157 14 1
158 89 1
162 146 1
164 157 1
165 245 1
168 84 1
169 220 1
174 237 1
175 60 1
176 135 1
178 3 1
180 425 1
181 171 1
183 439 1
184 296 1
185 45 1
185 87 1
185 377 1
189 419 1
191 396 1
193 388 1
195 362 1
197 293 1
198 115 1
201 246 1
201 275 1
205 126 1
205 261 1
205 353 1
205 413 1
207 338 1
208 32 1
208 202 1
211 2 1
211 386 1
212 50 1
212 112 1
212 158 1
212 166 1
212 377 1
213 149 1
216 10 1
216 302 1
216 408 1
217 420 1
218 35 1
219 251 1
219 274 1
219 398 1
219 431 1
220 179 1
222 162 1
223 98 1
223 370 1
223 451 1
226 112 1
227 191 1
229 267 1
230 158 1
231 59 1
231 203 1
231 332 1
233 447 1
234 92 1
234 176 1
236 294 1
237 357 1
237 466 1
240 104 1
240 193 1
240 213 1
240 400 1
242 166 1
244 479 1
245 339 1
247 276 1
247 454 1
248 50 1
249 60 1
249 145 1
249 463 1
251 32 1
252 96 1
254 42 1
255 245 1
255 407 1
256 352 1
256 368 1
257 128 1
257 198 1
257 221 1
258 161 1
259 328 1
259 393 1
260 284 1
261 45 1
261 58 1
262 206 1
264 14 1
265 238 1
265 416 1
266 106 1
267 404 1
268 136 1
269 170 1
270 215 1
271 422 1
272 225 1
272 258 1
273 197 1
273 350 1
273 363 1
274 129 1
274 330 1
275 310 1
278 51 1
278 163 1
280 413 1
283 33 1
283 88 1
283 174 1
285 303 1
286 120 1
286 185 1
289 72 1
289 146 1
289 478 1
291 463 1
292 45 1
294 122 1
294 123 1
294 124 1
294 165 1
297 103 1
297 137 1
298 62 1
298 190 1
299 177 1
302 489 1
303 455 1
304 128 1
304 267 1
304 434 1
305 419 1
305 465 1
306 108 1
306 244 1
310 141 1
311 257 1
311 277 1
312 350 1
314 335 1
317 372 1
318 212 1
318 229 1
320 124 1
320 270 1
322 345 1
323 169 1
323 322 1
328 87 1
328 465 1
329 111 1
329 122 1
332 218 1
332 263 1
333 185 1
333 242 1
336 135 1
338 429 1
339 473 1
343 346 1
344 486 1
345 178 1
347 250 1
348 360 1
351 189 1
353 167 1
353 234 1
353 347 1
354 336 1
356 372 1
357 442 1
360 304 1
360 383 1
361 472 1
362 202 1
363 315 1
363 361 1
366 19 1
366 214 1
366 239 1
367 348 1
369 280 1
371 394 1
372 322 1
372 375 1
373 8 1
373 476 1
374 180 1
375 204 1
377 232 1
378 220 1
380 461 1
383 424 1
384 243 1
385 3 1
386 269 1
388 294 1
388 391 1
389 435 1
391 477 1
393 365 1
393 447 1
396 272 1
397 252 1
397 287 1
399 459 1
401 320 1
403 305 1
406 243 1
409 226 1
409 283 1
410 315 1
415 236 1
415 305 1
416 252 1
416 443 1
417 273 1
421 285 1
423 139 1
423 431 1
425 399 1
427 313 1
430 278 1
431 237 1
432 301 1
441 345 1
444 49 1
445 332 1
447 182 1
449 359 1
449 412 1
450 165 1
452 292 1
453 345 1
457 330 1
460 364 1
461 402 1
462 168 1
466 291 1
466 435 1
470 391 1
471 334 1
472 425 1
474 266 1
476 400 1
486 368 1
487 343 1
488 334 1
26 132 2
35 130 2
61 233 2
77 314 2
78 204 2
81 187 2
87 171 2
92 326 2
97 312 2
103 107 2
108 221 2
121 157 2
122 192 2
146 355 2
149 379 2
150 320 2
178 356 2
187 162 2
188 227 2
191 153 2
292 14 2
305 24 2
317 2 2
340 69 2
341 328 2
346 416 2
349 4 2
357 421 2
358 422 2
361 415 2
378 48 2
388 405 2
393 107 2
398 145 2
407 123 2
414 36 2
417 91 2
419 417 2
426 22 2
437 67 2
437 452 2
457 33 2
457 441 2
459 451 2
462 50 2
478 21 2
481 44 2
2 478 3
9 386 3
22 384 3
23 312 3
24 435 3
31 431 3
40 46 3
52 98 3
68 278 3
69 23 3
82 260 3
96 378 3
107 244 3
112 10 3
112 434 3
113 428 3
128 12 3
128 13 3
132 74 3
136 440 3
138 272 3
138 458 3
142 477 3
150 4 3
152 449 3
164 112 3
170 37 3
170 441 3
177 410 3
180 275 3
190 2 3
197 30 3
199 50 3
203 63 3
206 174 3
215 236 3
229 213 3
231 17 3
233 141 3
236 74 3
238 123 3
240 28 3
247 204 3
251 13 3
264 470 3
273 467 3
282 207 3
282 244 3
282 288 3
282 340 3
282 352 3
285 365 3
293 239 3
296 405 3
297 395 3
317 196 3
319 436 3
323 302 3
339 202 3
355 213 3
364 488 3
365 224 3
380 338 3
387 164 3
395 180 3
404 171 3
416 158 3
421 53 3
458 222 3
464 136 3
467 353 3
478 246 3
482 355 3
484 177 3
