307 152 1
342 261 1
4 219 2
4 389 2
6 87 2
6 290 2
6 319 2
10 110 2
18 203 2
21 406 2
25 32 2
25 176 2
25 486 2
28 46 2
28 75 2
28 104 2
31 384 2
32 237 2
32 353 2
33 468 2
35 285 2
39 158 2
43 183 2
44 130 2
47 25 2
50 445 2
56 379 2
58 229 2
62 179 2
68 136 2
68 269 2
69 408 2
72 433 2
76 322 2
81 153 2
82 4 2
82 70 2
82 172 2
86 25 2
92 294 2
95 106 2
96 208 2
98 412 2
98 444 2
99 5 2
99 66 2
103 475 2
104 51 2
105 189 2
106 120 2
106 142 2
110 82 2
110 315 2
122 435 2
124 58 2
125 244 2
128 279 2
130 25 2
136 397 2
141 164 2
142 128 2
143 114 2
147 14 2
150 76 2
150 442 2
151 399 2
153 51 2
156 225 2
157 471 2
158 24 2
158 100 2
164 415 2
165 297 2
167 12 2
169 180 2
169 444 2
171 93 2
174 57 2
178 199 2
182 435 2
183 4 2
184 171 2
184 412 2
187 93 2
194 22 2
196 427 2
201 161 2
202 447 2
207 71 2
208 94 2
208 113 2
208 235 2
212 266 2
213 190 2
216 27 2
217 43 2
218 357 2
219 100 2
221 293 2
223 325 2
223 414 2
224 110 2
225 7 2
227 375 2
228 199 2
234 278 2
234 352 2
234 433 2
235 83 2
239 32 2
242 191 2
243 300 2
244 29 2
248 10 2
248 58 2
249 166 2
250 385 2
251 269 2
254 120 2
262 316 2
266 95 2
267 331 2
268 331 2
268 367 2
270 12 2
271 455 2
272 49 2
272 305 2
273 322 2
274 113 2
274 323 2
275 294 2
276 69 2
276 228 2
276 474 2
277 431 2
279 259 2
281 350 2
286 101 2
293 124 2
294 397 2
295 38 2
295 167 2
297 278 2
298 70 2
298 379 2
309 245 2
311 302 2
311 366 2
316 337 2
317 218 2
318 192 2
319 243 2
321 424 2
323 32 2
324 270 2
326 408 2
328 106 2
331 139 2
332 14 2
339 430 2
340 239 2
340 450 2
342 325 2
342 374 2
348 177 2
353 396 2
356 450 2
358 120 2
361 138 2
361 360 2
367 59 2
367 412 2
369 44 2
370 376 2
373 469 2
375 265 2
377 186 2
378 2 2
381 364 2
383 235 2
387 19 2
388 202 2
389 40 2
389 317 2
390 108 2
397 385 2
399 167 2
402 192 2
407 26 2
409 284 2
409 348 2
417 320 2
422 257 2
427 4 2
427 458 2
429 342 2
432 102 2
436 45 2
445 148 2
445 361 2
446 63 2
448 4 2
448 288 2
450 24 2
451 222 2
452 351 2
453 197 2
465 326 2
467 245 2
467 370 2
469 447 2
470 11 2
470 60 2
472 73 2
474 112 2
475 221 2
475 403 2
483 198 2
483 424 2
485 97 2
488 389 2
489 44 2
489 256 2
14 431 3
29 262 3
42 318 3
62 250 3
76 242 3
106 361 3
145 313 3
145 331 3
162 161 3
165 324 3
172 338 3
182 455 3
196 473 3
208 406 3
216 461 3
216 465 3
231 154 3
297 465 3
313 468 3
356 15 3
356 216 3
368 205 3
396 218 3
399 148 3
409 204 3
410 485 3
423 24 3
427 140 3
450 265 3
450 461 3
476 341 3
477 481 3
