2 379 2
3 122 2
3 323 2
4 144 2
4 480 2
4 495 2
6 209 2
8 290 2
9 186 2
11 371 2
13 272 2
16 474 2
18 121 2
18 303 2
23 378 2
26 54 2
29 462 2
33 42 2
34 113 2
34 318 2
35 27 2
35 88 2
35 152 2
38 357 2
39 215 2
43 172 2
43 450 2
45 346 2
53 105 2
55 24 2
60 176 2
63 443 2
65 380 2
67 211 2
67 234 2
69 7 2
69 29 2
70 55 2
70 91 2
73 263 2
74 183 2
74 289 2
74 388 2
77 445 2
86 241 2
86 362 2
88 297 2
92 18 2
95 217 2
96 180 2
96 376 2
100 281 2
103 446 2
106 176 2
109 9 2
110 57 2
110 425 2
111 357 2
114 166 2
114 293 2
124 178 2
126 436 2
127 277 2
130 8 2
130 298 2
130 349 2
130 365 2
131 36 2
136 167 2
140 419 2
143 148 2
146 289 2
151 185 2
153 12 2
154 48 2
154 141 2
156 388 2
157 297 2
165 149 2
166 383 2
167 404 2
168 423 2
170 296 2
171 65 2
171 124 2
174 283 2
174 450 2
181 377 2
182 154 2
182 204 2
185 105 2
193 282 2
197 131 2
198 23 2
201 111 2
203 75 2
203 323 2
207 194 2
207 292 2
209 337 2
210 237 2
217 28 2
217 454 2
219 219 2
220 283 2
221 105 2
222 432 2
223 390 2
229 355 2
234 233 2
234 460 2
238 185 2
240 141 2
241 218 2
252 65 2
253 452 2
259 81 2
266 106 2
270 431 2
274 69 2
275 87 2
276 392 2
279 261 2
280 414 2
284 91 2
289 240 2
290 30 2
293 276 2
294 457 2
295 430 2
297 261 2
298 108 2
298 315 2
299 49 2
300 500 2
301 479 2
304 15 2
306 329 2
309 128 2
310 73 2
317 468 2
317 490 2
319 373 2
320 120 2
320 195 2
325 28 2
331 300 2
331 331 2
333 394 2
342 449 2
344 11 2
345 203 2
356 47 2
356 333 2
358 346 2
359 458 2
362 195 2
367 162 2
370 122 2
372 349 2
375 496 2
377 39 2
380 108 2
381 363 2
383 159 2
383 478 2
384 267 2
384 377 2
384 393 2
387 301 2
390 24 2
391 193 2
394 249 2
398 181 2
399 305 2
400 168 2
401 110 2
401 414 2
402 479 2
405 49 2
405 393 2
406 239 2
410 28 2
412 430 2
417 490 2
422 103 2
423 325 2
424 27 2
424 401 2
425 384 2
426 259 2
426 416 2
427 235 2
439 102 2
444 246 2
450 6 2
451 428 2
452 401 2
455 97 2
456 113 2
460 252 2
462 320 2
463 40 2
467 275 2
467 411 2
468 469 2
485 50 2
486 411 2
486 481 2
487 263 2
489 355 2
492 30 2
492 81 2
493 431 2
502 351 2
504 428 2
82 502 3
85 321 3
123 322 3
138 231 3
139 248 3
152 243 3
154 316 3
167 337 3
168 346 3
174 230 3
185 255 3
209 479 3
257 226 3
276 172 3
347 500 3
358 69 3
358 291 3
358 499 3
361 229 3
368 217 3
373 269 3
378 329 3
388 451 3
395 210 3
396 448 3
403 339 3
405 464 3
428 195 3
432 158 3
438 182 3
440 196 3
441 147 3
442 156 3
448 211 3
459 198 3
462 179 3
462 210 3
465 444 3
470 184 3
471 164 3
474 493 3
482 135 3
483 177 3
484 188 3
488 158 3
501 120 3
