216 274 1
0 178 2
3 413 2
5 442 2
6 4 2
8 222 2
8 250 2
11 319 2
11 359 2
12 129 2
13 66 2
13 196 2
15 332 2
19 277 2
22 452 2
25 111 2
25 234 2
30 319 2
30 461 2
34 13 2
39 131 2
41 78 2
44 48 2
45 348 2
58 273 2
67 76 2
68 367 2
70 160 2
71 338 2
74 243 2
79 47 2
80 96 2
81 209 2
85 382 2
86 181 2
88 129 2
95 396 2
99 359 2
102 231 2
105 191 2
109 110 2
111 298 2
111 401 2
119 56 2
119 378 2
126 29 2
126 260 2
130 76 2
130 239 2
132 191 2
134 97 2
135 221 2
137 51 2
138 164 2
149 396 2
150 290 2
152 370 2
159 236 2
161 95 2
166 194 2
166 431 2
168 268 2
173 66 2
174 119 2
181 90 2
183 206 2
185 315 2
186 245 2
190 43 2
190 280 2
195 140 2
199 17 2
202 437 2
207 310 2
212 124 2
214 94 2
214 167 2
214 211 2
222 71 2
224 293 2
226 35 2
230 200 2
232 317 2
234 6 2
236 129 2
242 152 2
243 226 2
247 260 2
247 299 2
249 93 2
259 199 2
259 455 2
260 126 2
261 242 2
261 285 2
265 62 2
266 327 2
268 175 2
276 307 2
277 4 2
279 442 2
280 156 2
284 198 2
287 263 2
293 419 2
295 331 2
297 24 2
298 447 2
299 176 2
304 72 2
305 315 2
311 99 2
311 197 2
313 82 2
314 48 2
316 452 2
321 5 2
324 118 2
327 156 2
327 412 2
328 266 2
330 302 2
335 24 2
339 239 2
340 60 2
340 80 2
340 104 2
340 250 2
341 364 2
342 349 2
352 134 2
353 444 2
356 155 2
356 321 2
363 279 2
365 390 2
368 409 2
370 7 2
370 176 2
373 210 2
378 299 2
385 122 2
386 319 2
387 443 2
388 187 2
397 289 2
398 384 2
401 164 2
402 358 2
403 218 2
403 414 2
406 440 2
407 259 2
418 170 2
421 36 2
423 205 2
426 189 2
427 231 2
432 374 2
435 168 2
441 11 2
445 286 2
446 349 2
447 247 2
451 196 2
454 35 2
459 356 2
2 272 3
25 152 3
30 372 3
35 421 3
40 397 3
46 204 3
55 105 3
56 437 3
81 445 3
104 262 3
107 42 3
111 146 3
148 432 3
156 43 3
156 319 3
159 5 3
168 22 3
173 7 3
198 253 3
204 264 3
276 84 3
294 246 3
303 155 3
377 245 3
393 47 3
394 68 3
