2 61 1
19 450 1
20 314 1
27 22 1
27 322 1
27 449 1
35 461 1
38 70 1
49 167 1
65 292 1
88 48 1
92 93 1
101 24 1
114 458 1
118 81 1
131 424 1
134 440 1
158 123 1
159 458 1
167 412 1
168 446 1
177 421 1
182 432 1
186 448 1
191 397 1
193 114 1
194 90 1
198 422 1
201 401 1
204 65 1
207 445 1
209 93 1
213 33 1
213 402 1
214 461 1
216 414 1
219 138 1
228 422 1
229 374 1
230 80 1
230 438 1
230 451 1
238 426 1
241 373 1
241 396 1
247 446 1
248 389 1
248 410 1
250 430 1
255 452 1
256 393 1
260 416 1
264 431 1
265 446 1
272 442 1
282 134 1
288 431 1
297 450 1
299 296 1
307 441 1
316 303 1
320 435 1
336 247 1
339 273 1
342 442 1
343 456 1
355 279 1
372 118 1
375 421 1
378 455 1
379 97 1
382 263 1
393 439 1
402 257 1
422 33 1
423 285 1
430 125 1
434 284 1
436 268 1
441 418 1
447 441 1
448 300 1
450 186 1
453 407 1
460 28 1
462 282 1
2 418 2
4 388 2
8 215 2
9 279 2
11 440 2
13 185 2
14 402 2
16 118 2
16 161 2
16 423 2
17 139 2
17 238 2
20 285 2
20 378 2
21 260 2
27 177 2
27 429 2
29 205 2
31 366 2
37 282 2
39 352 2
40 212 2
46 394 2
52 418 2
54 349 2
57 271 2
60 223 2
62 424 2
63 211 2
66 399 2
71 332 2
73 192 2
75 419 2
80 137 2
80 223 2
83 326 2
91 151 2
92 315 2
92 405 2
99 169 2
107 240 2
109 134 2
111 302 2
114 394 2
121 325 2
125 147 2
130 212 2
133 357 2
137 306 2
139 234 2
141 329 2
142 157 2
147 383 2
150 204 2
155 338 2
161 174 2
162 297 2
165 215 2
175 346 2
179 258 2
179 376 2
180 163 2
182 299 2
182 328 2
190 357 2
194 319 2
197 194 2
206 224 2
206 355 2
207 166 2
212 199 2
216 300 2
220 345 2
223 246 2
229 170 2
231 186 2
232 290 2
236 325 2
241 235 2
245 170 2
245 297 2
250 194 2
260 213 2
261 245 2
262 234 2
267 341 2
275 414 2
276 333 2
279 386 2
286 340 2
291 215 2
293 413 2
294 398 2
295 385 2
296 349 2
298 339 2
301 369 2
307 331 2
311 407 2
312 364 2
313 238 2
317 326 2
318 388 2
324 357 2
326 317 2
326 400 2
343 411 2
346 392 2
363 322 2
372 389 2
377 353 2
387 323 2
388 359 2
390 386 2
391 313 2
397 423 2
399 328 2
405 349 2
413 317 2
414 359 2
416 427 2
419 252 2
425 402 2
439 368 2
441 392 2
442 353 2
444 335 2
447 256 2
452 380 2
459 359 2
4 47 3
5 327 3
17 3 3
25 52 3
35 105 3
49 44 3
50 64 3
51 83 3
53 305 3
59 69 3
66 110 3
74 58 3
82 5 3
85 62 3
86 10 3
87 296 3
95 351 3
101 64 3
108 51 3
110 438 3
112 58 3
119 23 3
125 2 3
138 102 3
139 11 3
142 49 3
145 274 3
156 35 3
172 3 3
195 17 3
221 61 3
241 24 3
258 110 3
260 299 3
261 326 3
267 7 3
269 197 3
270 77 3
271 159 3
276 113 3
281 76 3
282 312 3
283 167 3
284 357 3
305 124 3
309 257 3
313 70 3
314 45 3
320 128 3
321 256 3
323 271 3
327 74 3
331 265 3
333 215 3
339 127 3
350 183 3
352 68 3
352 148 3
359 1 3
360 149 3
363 291 3
366 229 3
367 4 3
376 18 3
378 237 3
378 250 3
388 125 3
397 236 3
398 66 3
407 69 3
407 151 3
408 206 3
413 176 3
416 105 3
428 201 3
455 77 3
