72 216 1
140 450 1
146 341 1
178 197 1
203 344 1
255 402 1
262 427 1
271 442 1
345 222 1
1 164 2
9 170 2
11 190 2
21 146 2
51 245 2
56 374 2
57 219 2
64 403 2
71 129 2
82 262 2
89 157 2
94 277 2
96 170 2
97 254 2
102 335 2
105 321 2
112 300 2
115 269 2
121 332 2
123 161 2
128 233 2
128 352 2
130 281 2
133 255 2
134 295 2
138 153 2
140 10 2
155 127 2
155 367 2
156 246 2
159 160 2
159 268 2
163 339 2
177 239 2
178 125 2
179 25 2
179 304 2
184 11 2
185 404 2
187 426 2
188 446 2
190 286 2
191 39 2
194 332 2
197 458 2
199 54 2
206 167 2
207 205 2
209 320 2
214 65 2
217 27 2
219 6 2
220 441 2
226 159 2
226 214 2
227 142 2
230 191 2
230 279 2
232 249 2
236 446 2
239 203 2
244 122 2
249 193 2
253 259 2
263 126 2
263 185 2
264 284 2
267 305 2
268 83 2
269 373 2
273 99 2
277 342 2
278 112 2
278 359 2
278 388 2
279 460 2
281 272 2
282 326 2
285 309 2
288 373 2
288 434 2
293 90 2
294 140 2
297 351 2
299 178 2
300 406 2
303 257 2
303 430 2
307 333 2
309 298 2
310 5 2
312 373 2
313 284 2
314 147 2
315 394 2
317 24 2
320 206 2
321 428 2
323 449 2
324 343 2
325 305 2
328 5 2
331 131 2
335 368 2
337 316 2
337 332 2
345 448 2
346 269 2
346 358 2
346 425 2
349 207 2
350 288 2
354 195 2
356 118 2
357 338 2
359 316 2
359 437 2
362 253 2
365 143 2
366 289 2
367 227 2
367 413 2
371 166 2
373 352 2
374 334 2
376 121 2
376 212 2
379 6 2
379 396 2
380 257 2
381 318 2
382 176 2
384 195 2
385 154 2
390 330 2
390 348 2
390 385 2
391 20 2
392 423 2
393 275 2
394 110 2
394 127 2
394 288 2
395 255 2
395 449 2
396 144 2
396 219 2
399 373 2
400 164 2
404 419 2
408 341 2
410 74 2
410 365 2
412 288 2
413 216 2
414 150 2
416 131 2
418 107 2
419 174 2
420 303 2
420 320 2
420 334 2
421 199 2
423 352 2
425 160 2
430 216 2
432 85 2
433 27 2
438 115 2
442 427 2
444 16 2
444 213 2
448 97 2
449 320 2
452 142 2
453 46 2
456 221 2
457 102 2
457 417 2
460 122 2
460 164 2
462 30 2
1 438 3
2 29 3
3 449 3
4 439 3
4 440 3
12 291 3
15 13 3
29 388 3
30 275 3
33 182 3
35 313 3
44 55 3
46 6 3
46 343 3
47 323 3
48 92 3
57 101 3
60 2 3
66 452 3
71 328 3
79 438 3
89 420 3
94 433 3
96 284 3
107 104 3
109 433 3
113 126 3
117 82 3
117 409 3
125 47 3
125 139 3
132 397 3
148 83 3
151 52 3
159 455 3
161 413 3
189 271 3
197 83 3
199 258 3
204 97 3
215 93 3
219 334 3
225 373 3
235 42 3
244 359 3
247 76 3
251 61 3
254 440 3
261 46 3
294 33 3
339 103 3
434 148 3
452 244 3
