177 100 1
439 244 1
470 405 1
473 230 1
477 243 1
486 41 1
486 234 1
490 230 1
1 469 2
2 198 2
6 298 2
7 370 2
9 69 2
11 93 2
12 151 2
12 201 2
14 36 2
14 180 2
18 49 2
20 349 2
21 79 2
21 257 2
22 338 2
28 35 2
28 135 2
35 191 2
36 322 2
45 284 2
46 12 2
46 427 2
49 308 2
51 326 2
51 392 2
52 261 2
55 6 2
55 35 2
57 16 2
58 102 2
60 163 2
61 135 2
62 72 2
63 31 2
64 183 2
66 44 2
69 9 2
77 364 2
78 477 2
79 324 2
83 8 2
83 465 2
85 350 2
86 3 2
93 154 2
109 281 2
117 261 2
142 358 2
151 330 2
160 371 2
163 299 2
170 170 2
172 348 2
174 459 2
177 146 2
180 242 2
180 322 2
183 123 2
193 200 2
205 211 2
206 234 2
209 274 2
209 297 2
212 467 2
223 319 2
226 287 2
227 30 2
229 244 2
229 395 2
230 250 2
233 94 2
234 173 2
235 365 2
237 44 2
240 62 2
241 191 2
242 490 2
243 291 2
246 118 2
247 138 2
254 377 2
254 421 2
257 36 2
257 222 2
257 241 2
258 350 2
259 247 2
260 92 2
264 402 2
271 76 2
271 375 2
272 186 2
278 170 2
279 252 2
296 175 2
297 159 2
313 413 2
325 462 2
328 385 2
329 412 2
330 438 2
346 419 2
354 105 2
365 117 2
367 416 2
376 136 2
382 305 2
385 440 2
391 485 2
392 152 2
392 400 2
415 391 2
422 13 2
423 85 2
424 416 2
426 271 2
428 490 2
430 37 2
430 69 2
437 337 2
438 117 2
438 369 2
441 3 2
447 423 2
450 388 2
3 401 3
11 484 3
17 486 3
18 224 3
36 173 3
36 234 3
47 421 3
57 376 3
71 147 3
72 408 3
75 305 3
89 443 3
96 325 3
100 251 3
101 452 3
107 468 3
127 124 3
128 147 3
131 410 3
140 257 3
150 25 3
152 412 3
153 486 3
155 483 3
171 58 3
179 339 3
183 347 3
200 44 3
222 448 3
223 154 3
225 111 3
231 150 3
238 216 3
251 158 3
253 265 3
259 331 3
266 120 3
272 328 3
274 317 3
275 452 3
280 308 3
281 141 3
284 478 3
287 56 3
291 50 3
295 8 3
300 297 3
301 263 3
305 344 3
308 391 3
311 478 3
313 30 3
334 53 3
345 345 3
365 473 3
365 474 3
371 171 3
374 209 3
380 197 3
387 95 3
393 62 3
398 47 3
400 112 3
404 209 3
404 357 3
409 62 3
414 368 3
427 66 3
430 141 3
443 233 3
457 483 3
461 363 3
467 213 3
469 384 3
471 351 3
472 55 3
473 83 3
476 446 3
477 333 3
480 319 3
484 337 3
486 25 3
492 134 3
