1 255 1
1 328 1
1 396 1
2 378 1
2 444 1
3 340 1
3 357 1
3 465 1
4 317 1
5 181 1
5 290 1
6 431 1
6 480 1
7 57 1
7 409 1
10 302 1
10 333 1
10 393 1
11 368 1
12 248 1
12 268 1
12 349 1
14 441 1
15 384 1
16 234 1
17 197 1
18 209 1
20 318 1
20 340 1
20 428 1
21 450 1
22 357 1
23 252 1
23 414 1
24 288 1
25 303 1
26 276 1
27 190 1
28 339 1
29 403 1
29 435 1
29 458 1
30 326 1
31 227 1
31 373 1
32 146 1
32 217 1
33 238 1
34 7 1
35 173 1
36 453 1
37 299 1
39 207 1
40 311 1
41 229 1
41 338 1
42 194 1
43 285 1
43 441 1
44 16 1
44 358 1
45 459 1
46 397 1
47 44 1
48 294 1
48 376 1
50 350 1
54 196 1
54 210 1
54 468 1
55 391 1
56 68 1
56 315 1
57 341 1
57 438 1
57 447 1
58 407 1
59 277 1
59 359 1
60 225 1
60 378 1
62 258 1
62 301 1
62 330 1
64 184 1
64 201 1
64 400 1
65 476 1
66 488 1
68 248 1
68 352 1
69 415 1
70 316 1
71 269 1
71 462 1
72 210 1
72 445 1
73 121 1
73 281 1
73 327 1
73 382 1
74 237 1
75 111 1
75 222 1
75 396 1
76 182 1
77 366 1
77 433 1
78 134 1
79 416 1
80 293 1
80 316 1
80 355 1
80 475 1
81 197 1
83 249 1
83 264 1
83 283 1
83 449 1
84 224 1
84 306 1
84 383 1
84 395 1
85 125 1
85 150 1
85 484 1
86 108 1
87 372 1
87 431 1
89 98 1
91 239 1
92 137 1
92 185 1
92 296 1
92 461 1
93 116 1
93 272 1
94 342 1
94 387 1
95 375 1
96 249 1
97 443 1
97 472 1
99 128 1
99 227 1
99 283 1
99 405 1
99 429 1
100 305 1
102 153 1
103 419 1
104 387 1
105 457 1
106 218 1
106 349 1
107 109 1
107 268 1
107 367 1
108 240 1
109 290 1
110 132 1
110 142 1
110 176 1
110 255 1
113 226 1
113 420 1
113 437 1
113 466 1
114 482 1
115 163 1
116 354 1
116 384 1
116 405 1
118 237 1
118 264 1
120 301 1
121 336 1
121 368 1
123 100 1
123 478 1
124 254 1
124 415 1
126 145 1
126 223 1
126 468 1
127 359 1
128 159 1
128 175 1
128 347 1
129 376 1
131 427 1
132 330 1
132 440 1
133 261 1
133 291 1
133 390 1
134 185 1
134 244 1
135 455 1
136 484 1
137 277 1
137 307 1
137 316 1
137 407 1
139 298 1
139 348 1
142 329 1
142 364 1
143 225 1
144 432 1
145 275 1
146 240 1
148 200 1
149 373 1
149 458 1
149 483 1
150 152 1
151 19 1
152 351 1
153 402 1
154 417 1
154 468 1
156 179 1
156 394 1
157 190 1
159 294 1
159 323 1
160 239 1
160 427 1
161 227 1
161 281 1
162 359 1
162 455 1
165 79 1
165 331 1
165 484 1
166 408 1
169 469 1
170 431 1
171 218 1
172 364 1
172 449 1
173 307 1
174 255 1
174 284 1
174 458 1
175 331 1
175 397 1
176 190 1
178 130 1
178 315 1
179 383 1
181 337 1
183 264 1
183 471 1
184 180 1
187 103 1
187 240 1
187 418 1
188 282 1
188 378 1
192 323 1
193 402 1
193 480 1
194 137 1
194 303 1
196 155 1
197 258 1
197 272 1
200 244 1
200 286 1
202 221 1
204 192 1
204 232 1
204 395 1
204 407 1
206 420 1
206 437 1
208 270 1
209 314 1
212 388 1
213 447 1
214 282 1
214 297 1
216 430 1
217 259 1
218 228 1
218 410 1
218 485 1
220 182 1
220 461 1
224 194 1
224 244 1
225 244 1
226 170 1
227 391 1
229 421 1
232 291 1
235 407 1
237 106 1
237 277 1
237 438 1
237 477 1
238 457 1
241 384 1
242 198 1
243 223 1
244 155 1
244 212 1
244 414 1
247 451 1
248 293 1
248 475 1
250 237 1
250 435 1
251 382 1
252 159 1
252 225 1
254 445 1
255 206 1
255 400 1
256 141 1
259 240 1
260 278 1
261 429 1
262 466 1
264 158 1
265 391 1
265 412 1
266 380 1
268 201 1
268 271 1
271 482 1
274 294 1
276 448 1
277 226 1
277 367 1
279 125 1
280 420 1
282 370 1
283 196 1
283 236 1
283 284 1
284 396 1
284 461 1
286 359 1
287 139 1
287 252 1
288 312 1
291 431 1
293 347 1
295 134 1
296 226 1
297 377 1
299 88 1
300 303 1
301 470 1
302 158 1
302 420 1
302 437 1
304 205 1
304 218 1
306 189 1
306 403 1
307 345 1
307 371 1
311 360 1
312 74 1
313 42 1
313 169 1
314 410 1
315 206 1
315 285 1
315 300 1
316 29 1
317 180 1
318 271 1
318 473 1
321 220 1
321 238 1
321 249 1
321 342 1
323 362 1
323 408 1
331 265 1
332 287 1
332 391 1
334 343 1
336 257 1
336 419 1
338 244 1
338 276 1
343 370 1
344 449 1
344 470 1
346 324 1
348 389 1
351 229 1
351 465 1
352 434 1
353 308 1
353 346 1
356 365 1
357 249 1
358 485 1
360 456 1
365 407 1
368 241 1
368 313 1
368 323 1
368 341 1
373 475 1
374 301 1
378 451 1
380 263 1
381 490 1
382 314 1
384 299 1
395 261 1
395 408 1
396 433 1
404 327 1
406 375 1
408 293 1
409 385 1
419 424 1
427 353 1
434 365 1
435 287 1
437 418 1
444 412 1
451 454 1
453 403 1
454 430 1
464 442 1
465 485 1
466 427 1
467 400 1
475 412 1
485 481 1
487 391 1
39 105 2
62 53 2
74 23 2
82 72 2
95 18 2
115 59 2
132 33 2
168 55 2
175 1 2
192 24 2
216 42 2
287 328 2
325 314 2
328 121 2
336 87 2
339 6 2
343 132 2
343 207 2
347 67 2
347 182 2
355 151 2
364 108 2
379 192 2
382 210 2
384 176 2
389 51 2
390 462 2
391 219 2
399 135 2
401 103 2
408 242 2
409 68 2
410 160 2
413 34 2
418 217 2
419 234 2
425 84 2
429 28 2
438 137 2
443 21 2
444 254 2
446 3 2
449 86 2
449 111 2
452 45 2
458 327 2
465 228 2
469 210 2
470 132 2
473 185 2
477 10 2
479 78 2
482 57 2
483 113 2
487 27 2
488 150 2
1 23 3
5 123 3
9 28 3
10 190 3
11 163 3
13 142 3
20 472 3
22 175 3
40 425 3
41 253 3
45 57 3
55 172 3
81 5 3
91 32 3
93 207 3
98 82 3
102 317 3
104 32 3
130 9 3
139 91 3
140 92 3
150 311 3
159 127 3
163 144 3
175 153 3
195 435 3
200 458 3
213 151 3
216 337 3
222 80 3
223 65 3
226 451 3
228 356 3
232 210 3
232 258 3
237 326 3
239 119 3
240 142 3
240 352 3
247 69 3
251 254 3
255 8 3
257 102 3
262 119 3
263 22 3
265 332 3
270 124 3
273 3 3
279 50 3
282 89 3
286 480 3
287 121 3
287 370 3
289 272 3
296 2 3
296 111 3
301 286 3
303 50 3
311 441 3
318 103 3
349 52 3
354 285 3
368 361 3
380 437 3
385 389 3
396 485 3
399 357 3
419 335 3
424 448 3
426 344 3
427 307 3
444 467 3
465 353 3
475 364 3
475 471 3
