54 196 1
283 243 1
313 361 1
3 89 2
3 335 2
5 160 2
12 300 2
20 327 2
24 287 2
33 322 2
34 361 2
35 462 2
41 106 2
44 297 2
53 63 2
53 211 2
53 319 2
57 244 2
60 46 2
61 144 2
65 29 2
69 65 2
71 78 2
71 262 2
73 95 2
75 10 2
81 223 2
81 303 2
92 26 2
92 93 2
93 257 2
93 424 2
102 42 2
104 66 2
116 375 2
118 475 2
121 314 2
122 1 2
124 355 2
125 390 2
126 300 2
131 183 2
133 339 2
136 378 2
137 463 2
141 233 2
143 256 2
143 278 2
144 334 2
144 394 2
161 429 2
162 480 2
163 139 2
167 449 2
169 32 2
169 48 2
170 242 2
170 264 2
172 373 2
176 334 2
179 124 2
183 144 2
183 161 2
184 383 2
184 427 2
199 361 2
200 375 2
203 139 2
213 486 2
214 26 2
215 43 2
224 54 2
235 220 2
235 457 2
238 415 2
252 371 2
253 398 2
257 202 2
260 471 2
262 247 2
265 319 2
266 306 2
271 62 2
271 152 2
272 104 2
272 130 2
273 173 2
276 83 2
277 380 2
279 327 2
279 357 2
281 480 2
283 274 2
284 30 2
289 54 2
289 113 2
290 488 2
298 179 2
303 201 2
314 168 2
334 162 2
337 81 2
341 123 2
343 257 2
346 302 2
361 385 2
363 367 2
382 487 2
385 352 2
397 334 2
401 279 2
402 413 2
414 444 2
423 412 2
429 53 2
430 379 2
438 431 2
439 451 2
440 175 2
440 337 2
442 124 2
445 100 2
445 478 2
450 152 2
451 5 2
453 205 2
453 408 2
455 436 2
461 74 2
461 454 2
464 56 2
464 348 2
464 369 2
470 111 2
470 491 2
471 192 2
473 138 2
475 33 2
479 65 2
482 312 2
483 13 2
489 258 2
489 330 2
490 276 2
491 171 2
492 135 2
1 420 3
19 204 3
23 441 3
23 486 3
26 8 3
27 22 3
29 194 3
30 487 3
39 30 3
39 488 3
81 357 3
109 334 3
182 290 3
184 490 3
188 415 3
192 343 3
196 44 3
203 333 3
230 104 3
236 192 3
236 320 3
242 357 3
258 2 3
271 434 3
272 399 3
282 462 3
284 410 3
312 450 3
314 466 3
315 480 3
324 56 3
353 321 3
367 154 3
368 490 3
369 52 3
369 57 3
380 269 3
381 315 3
399 133 3
489 459 3
