92 158 1
184 432 1
193 442 1
199 333 1
210 315 1
211 36 1
253 18 1
328 363 1
366 212 1
3 403 2
4 13 2
5 124 2
5 159 2
8 36 2
8 442 2
8 460 2
9 240 2
11 220 2
12 50 2
13 347 2
18 457 2
19 153 2
20 132 2
20 274 2
24 424 2
25 113 2
26 62 2
27 325 2
28 94 2
31 252 2
32 216 2
35 293 2
36 40 2
40 101 2
41 82 2
42 447 2
44 375 2
45 462 2
50 41 2
50 394 2
51 307 2
55 200 2
57 121 2
57 182 2
58 155 2
58 254 2
59 364 2
61 56 2
64 76 2
65 316 2
66 96 2
66 273 2
67 134 2
67 177 2
67 218 2
68 401 2
69 207 2
71 386 2
73 162 2
74 296 2
80 261 2
81 113 2
81 216 2
82 241 2
83 176 2
83 318 2
84 74 2
84 367 2
85 54 2
85 139 2
90 98 2
90 415 2
92 252 2
95 308 2
97 219 2
98 386 2
99 286 2
102 371 2
103 93 2
108 207 2
110 3 2
113 120 2
113 152 2
114 273 2
115 169 2
115 370 2
118 398 2
120 97 2
121 298 2
122 6 2
126 201 2
126 350 2
128 48 2
130 367 2
131 63 2
131 236 2
132 268 2
133 1 2
133 414 2
136 78 2
136 177 2
139 440 2
140 386 2
142 358 2
148 280 2
148 342 2
152 359 2
152 413 2
153 206 2
156 174 2
156 399 2
157 247 2
159 187 2
163 261 2
163 385 2
164 286 2
166 369 2
168 226 2
171 353 2
171 421 2
174 196 2
176 243 2
178 264 2
179 66 2
179 172 2
181 86 2
182 400 2
184 286 2
185 376 2
188 352 2
189 185 2
191 2 2
193 274 2
194 236 2
196 70 2
197 399 2
197 419 2
203 99 2
207 358 2
212 193 2
212 265 2
212 338 2
213 9 2
214 400 2
215 374 2
221 120 2
221 204 2
222 325 2
225 352 2
225 414 2
227 58 2
228 21 2
229 4 2
229 342 2
235 196 2
235 391 2
236 122 2
236 256 2
238 324 2
239 377 2
241 434 2
242 64 2
243 93 2
245 220 2
249 134 2
249 449 2
252 287 2
252 425 2
254 243 2
254 327 2
255 405 2
257 301 2
258 339 2
260 364 2
263 140 2
266 386 2
268 196 2
268 270 2
272 309 2
272 451 2
275 254 2
277 409 2
278 119 2
279 335 2
280 293 2
282 216 2
283 238 2
283 277 2
284 382 2
288 249 2
288 318 2
290 349 2
292 438 2
296 109 2
296 303 2
297 194 2
300 404 2
301 371 2
308 245 2
308 246 2
309 183 2
309 246 2
310 319 2
310 443 2
311 157 2
312 264 2
313 44 2
315 299 2
315 430 2
317 280 2
318 198 2
320 212 2
321 120 2
323 56 2
324 188 2
334 287 2
334 303 2
336 117 2
337 130 2
337 208 2
338 192 2
338 255 2
339 54 2
339 107 2
340 11 2
344 332 2
350 268 2
352 205 2
353 121 2
354 404 2
356 26 2
358 290 2
358 431 2
359 318 2
364 250 2
366 412 2
367 75 2
368 130 2
370 144 2
371 381 2
377 310 2
379 17 2
381 430 2
384 397 2
385 34 2
386 24 2
387 267 2
389 134 2
390 315 2
391 412 2
395 168 2
395 296 2
397 246 2
398 328 2
399 384 2
403 37 2
409 332 2
410 321 2
411 15 2
413 54 2
414 276 2
415 436 2
422 414 2
423 387 2
424 333 2
426 34 2
431 50 2
432 266 2
435 22 2
437 423 2
439 67 2
441 305 2
441 347 2
442 389 2
444 237 2
446 48 2
447 248 2
450 336 2
451 265 2
453 446 2
454 429 2
457 221 2
457 282 2
457 313 2
459 237 2
460 346 2
464 250 2
11 291 3
17 371 3
25 177 3
32 354 3
42 281 3
51 342 3
139 120 3
142 163 3
143 103 3
150 326 3
158 109 3
159 141 3
163 322 3
186 108 3
186 316 3
197 127 3
301 3 3
313 9 3
346 27 3
349 66 3
384 53 3
384 214 3
393 78 3
399 65 3
414 82 3
421 210 3
425 293 3
429 174 3
449 126 3
451 174 3
455 373 3
460 376 3
