129 328 1
134 362 1
145 69 1
192 75 1
289 32 1
1 476 2
3 57 2
4 414 2
6 388 2
7 333 2
9 147 2
9 369 2
12 402 2
12 473 2
13 75 2
13 220 2
15 36 2
15 49 2
15 298 2
17 19 2
17 259 2
17 490 2
18 468 2
21 158 2
21 318 2
21 339 2
23 227 2
25 397 2
28 196 2
29 280 2
29 475 2
30 8 2
32 243 2
32 403 2
33 27 2
33 303 2
33 357 2
36 455 2
38 12 2
38 39 2
39 332 2
40 120 2
40 384 2
41 4 2
41 493 2
43 292 2
43 410 2
45 93 2
45 501 2
47 24 2
48 430 2
48 443 2
50 65 2
53 137 2
55 480 2
56 157 2
56 271 2
60 15 2
61 191 2
61 444 2
63 502 2
64 170 2
65 62 2
65 221 2
67 86 2
68 336 2
69 103 2
70 134 2
70 457 2
71 5 2
72 20 2
72 418 2
74 246 2
76 322 2
77 34 2
78 177 2
79 283 2
79 295 2
80 403 2
82 206 2
83 192 2
83 262 2
83 387 2
84 479 2
84 498 2
85 70 2
85 100 2
86 18 2
86 353 2
89 50 2
91 241 2
92 415 2
92 432 2
93 116 2
95 153 2
95 269 2
95 444 2
95 463 2
95 479 2
97 251 2
97 403 2
98 214 2
98 358 2
99 367 2
100 491 2
101 87 2
103 130 2
103 183 2
103 387 2
104 329 2
105 36 2
106 51 2
106 119 2
107 6 2
107 165 2
109 20 2
109 101 2
109 296 2
109 448 2
112 241 2
112 394 2
114 137 2
114 500 2
115 212 2
116 478 2
117 56 2
117 279 2
118 320 2
118 338 2
118 463 2
119 91 2
121 264 2
121 355 2
124 105 2
125 24 2
125 183 2
125 398 2
126 65 2
126 310 2
127 139 2
127 237 2
127 372 2
128 493 2
129 151 2
129 275 2
129 467 2
130 213 2
131 198 2
132 12 2
133 392 2
134 162 2
136 85 2
136 104 2
137 25 2
142 118 2
142 303 2
143 377 2
145 335 2
146 91 2
146 239 2
146 503 2
148 170 2
150 8 2
151 101 2
152 131 2
153 208 2
153 408 2
155 87 2
155 186 2
156 369 2
157 19 2
160 279 2
161 216 2
162 78 2
163 37 2
163 415 2
165 309 2
166 131 2
166 145 2
166 252 2
166 265 2
166 291 2
166 334 2
167 27 2
171 55 2
171 90 2
173 377 2
174 74 2
175 238 2
176 424 2
176 447 2
179 486 2
181 28 2
181 103 2
182 364 2
183 212 2
183 264 2
183 293 2
184 86 2
184 431 2
184 504 2
187 243 2
189 174 2
189 415 2
190 54 2
190 131 2
190 452 2
191 251 2
191 381 2
192 280 2
192 368 2
193 37 2
193 106 2
193 159 2
194 317 2
194 441 2
197 59 2
197 192 2
197 337 2
197 402 2
199 86 2
199 299 2
199 485 2
202 15 2
202 47 2
202 383 2
204 174 2
206 401 2
207 66 2
207 326 2
208 99 2
208 273 2
209 142 2
209 442 2
210 352 2
211 315 2
211 342 2
214 230 2
215 75 2
216 88 2
219 109 2
220 191 2
221 20 2
221 59 2
225 171 2
225 242 2
226 366 2
227 97 2
227 287 2
228 401 2
229 443 2
230 3 2
231 37 2
231 314 2
232 81 2
234 351 2
235 303 2
236 59 2
236 199 2
238 182 2
239 150 2
241 107 2
241 212 2
242 15 2
243 31 2
246 342 2
246 381 2
246 494 2
247 412 2
247 436 2
248 157 2
248 463 2
250 77 2
250 197 2
250 424 2
251 144 2
253 310 2
254 349 2
255 40 2
258 21 2
258 215 2
258 443 2
259 267 2
262 151 2
266 324 2
267 379 2
268 173 2
269 10 2
269 41 2
269 89 2
269 279 2
269 359 2
269 420 2
270 139 2
271 188 2
271 245 2
271 478 2
274 153 2
276 340 2
277 432 2
277 451 2
278 55 2
280 255 2
281 383 2
285 19 2
288 440 2
289 80 2
289 121 2
289 157 2
289 209 2
290 364 2
292 268 2
292 429 2
294 289 2
295 9 2
295 377 2
299 165 2
300 67 2
301 392 2
305 218 2
306 26 2
306 290 2
306 415 2
306 487 2
308 55 2
308 234 2
308 458 2
309 11 2
309 95 2
309 269 2
310 144 2
311 374 2
314 333 2
315 203 2
315 274 2
318 78 2
318 387 2
319 154 2
319 219 2
320 432 2
321 125 2
321 183 2
324 408 2
325 265 2
325 481 2
326 239 2
328 190 2
329 84 2
330 314 2
330 337 2
331 98 2
332 51 2
332 110 2
332 160 2
333 366 2
333 417 2
339 495 2
340 177 2
340 248 2
340 273 2
341 73 2
341 129 2
342 346 2
343 192 2
343 311 2
343 327 2
344 459 2
345 96 2
345 378 2
346 430 2
348 137 2
349 214 2
349 226 2
349 286 2
350 120 2
350 253 2
352 12 2
353 367 2
354 55 2
358 142 2
358 199 2
358 451 2
358 498 2
359 325 2
361 81 2
361 94 2
363 265 2
364 106 2
364 378 2
366 348 2
367 209 2
367 310 2
368 247 2
368 471 2
369 88 2
370 116 2
372 220 2
372 293 2
375 401 2
376 101 2
376 166 2
376 330 2
376 502 2
377 68 2
377 182 2
380 350 2
380 382 2
383 227 2
386 45 2
387 13 2
388 145 2
390 180 2
390 330 2
391 204 2
391 235 2
393 32 2
394 88 2
395 65 2
396 251 2
396 404 2
397 308 2
397 369 2
398 124 2
398 476 2
399 216 2
400 432 2
403 289 2
404 489 2
405 83 2
406 35 2
406 268 2
409 45 2
409 441 2
410 200 2
410 456 2
412 411 2
414 368 2
416 223 2
416 278 2
417 389 2
419 53 2
419 469 2
421 422 2
422 500 2
424 11 2
425 118 2
425 247 2
425 322 2
425 337 2
427 43 2
427 445 2
429 79 2
429 99 2
430 483 2
431 26 2
431 150 2
432 401 2
433 364 2
437 316 2
439 285 2
440 64 2
440 208 2
444 110 2
444 343 2
445 83 2
445 307 2
446 196 2
447 49 2
447 254 2
448 218 2
449 368 2
450 326 2
451 97 2
451 268 2
452 411 2
453 296 2
455 181 2
456 125 2
456 233 2
456 339 2
456 472 2
457 487 2
458 248 2
458 453 2
459 30 2
459 281 2
459 355 2
464 429 2
464 502 2
466 319 2
467 84 2
467 225 2
469 292 2
469 409 2
469 491 2
470 102 2
470 240 2
474 336 2
475 41 2
475 276 2
476 474 2
477 190 2
478 132 2
479 179 2
479 363 2
480 171 2
481 157 2
481 255 2
482 306 2
482 350 2
482 411 2
482 435 2
484 28 2
484 114 2
486 9 2
486 86 2
488 464 2
490 339 2
491 214 2
491 230 2
491 484 2
493 249 2
493 288 2
494 500 2
495 313 2
496 70 2
496 333 2
497 34 2
497 134 2
499 102 2
499 364 2
500 433 2
501 152 2
502 228 2
13 349 3
24 144 3
27 181 3
48 108 3
50 336 3
86 138 3
118 410 3
124 76 3
146 398 3
159 445 3
167 113 3
168 424 3
169 161 3
170 499 3
181 410 3
189 466 3
213 478 3
220 391 3
221 485 3
254 482 3
273 308 3
294 135 3
296 349 3
298 502 3
307 469 3
315 172 3
324 468 3
337 405 3
366 275 3
371 45 3
375 315 3
382 491 3
383 473 3
425 192 3
426 304 3
443 441 3
472 376 3
488 387 3
489 377 3
494 52 3
