230 152 1
1 290 2
7 149 2
8 67 2
9 213 2
9 448 2
14 169 2
14 267 2
15 251 2
21 60 2
22 369 2
24 334 2
25 4 2
25 299 2
25 438 2
30 258 2
36 103 2
36 113 2
37 155 2
39 245 2
39 348 2
40 201 2
43 70 2
44 384 2
45 440 2
49 415 2
52 276 2
56 68 2
56 350 2
56 499 2
59 446 2
62 256 2
65 370 2
68 71 2
70 62 2
73 348 2
76 263 2
76 450 2
77 197 2
79 161 2
80 497 2
83 405 2
86 302 2
88 91 2
92 289 2
94 194 2
95 360 2
97 22 2
107 342 2
107 469 2
108 83 2
112 157 2
112 280 2
113 191 2
113 487 2
114 204 2
123 220 2
124 308 2
124 402 2
125 420 2
126 72 2
131 155 2
136 379 2
137 97 2
137 252 2
137 472 2
139 185 2
140 499 2
141 76 2
141 288 2
146 390 2
150 223 2
151 175 2
154 493 2
160 324 2
160 352 2
161 139 2
163 86 2
163 249 2
164 387 2
165 34 2
166 180 2
166 432 2
168 276 2
169 337 2
170 222 2
171 492 2
173 352 2
174 107 2
174 191 2
175 126 2
176 291 2
178 313 2
181 327 2
185 173 2
185 212 2
185 432 2
186 10 2
191 447 2
192 105 2
192 318 2
195 124 2
197 263 2
198 183 2
200 331 2
210 490 2
211 179 2
211 350 2
211 408 2
211 438 2
213 322 2
215 234 2
217 395 2
219 60 2
220 452 2
227 334 2
228 236 2
229 183 2
229 356 2
230 32 2
230 167 2
231 408 2
234 501 2
236 271 2
237 77 2
241 239 2
242 334 2
247 155 2
250 178 2
251 356 2
251 463 2
257 396 2
259 27 2
260 274 2
261 448 2
262 218 2
263 370 2
264 503 2
267 180 2
267 425 2
268 334 2
277 408 2
278 214 2
278 297 2
280 429 2
281 396 2
282 125 2
285 236 2
286 79 2
287 30 2
287 175 2
288 266 2
289 149 2
290 339 2
290 379 2
292 221 2
302 284 2
305 403 2
306 502 2
307 338 2
308 268 2
313 161 2
314 75 2
314 328 2
317 19 2
317 486 2
318 289 2
322 180 2
322 210 2
323 120 2
323 257 2
323 336 2
324 440 2
326 398 2
327 355 2
328 243 2
329 88 2
332 302 2
332 485 2
335 22 2
336 177 2
338 266 2
339 243 2
341 211 2
342 402 2
344 437 2
345 84 2
347 481 2
348 185 2
348 332 2
351 5 2
352 80 2
356 243 2
356 319 2
358 213 2
362 341 2
363 426 2
365 191 2
365 324 2
366 69 2
367 173 2
371 302 2
372 234 2
373 460 2
375 137 2
375 283 2
376 222 2
379 45 2
383 56 2
385 357 2
391 252 2
391 325 2
393 438 2
397 234 2
401 416 2
405 309 2
405 342 2
406 353 2
407 178 2
409 267 2
409 376 2
409 482 2
410 66 2
410 436 2
411 159 2
414 386 2
416 129 2
416 415 2
419 229 2
420 30 2
422 61 2
422 155 2
422 328 2
425 192 2
427 255 2
428 301 2
429 503 2
430 82 2
435 146 2
435 387 2
439 128 2
441 236 2
444 84 2
445 186 2
446 147 2
455 301 2
458 501 2
460 247 2
461 25 2
463 143 2
463 229 2
465 326 2
470 79 2
471 64 2
475 394 2
477 297 2
478 82 2
483 320 2
485 70 2
485 410 2
488 497 2
489 132 2
489 448 2
491 111 2
500 235 2
501 500 2
504 71 2
504 179 2
4 370 3
5 424 3
7 412 3
18 382 3
123 138 3
153 121 3
355 362 3
475 176 3
