169 130 1
218 120 1
218 181 1
230 159 1
230 196 1
237 181 1
239 162 1
240 147 1
292 114 1
407 11 1
415 32 1
423 25 1
435 17 1
3 393 2
12 170 2
13 303 2
14 40 2
15 5 2
16 132 2
28 86 2
36 204 2
40 455 2
45 371 2
49 208 2
55 155 2
56 455 2
59 298 2
71 223 2
72 277 2
74 415 2
75 459 2
83 436 2
84 341 2
88 77 2
89 248 2
96 398 2
99 149 2
104 340 2
109 283 2
113 211 2
116 359 2
116 443 2
117 61 2
126 131 2
133 179 2
141 399 2
148 448 2
149 348 2
156 251 2
164 289 2
165 319 2
179 399 2
182 195 2
190 149 2
191 335 2
199 201 2
199 292 2
210 413 2
225 444 2
226 351 2
264 380 2
269 363 2
271 265 2
277 299 2
286 56 2
297 182 2
297 392 2
303 347 2
313 329 2
314 359 2
315 460 2
336 177 2
336 402 2
337 221 2
340 66 2
349 263 2
350 455 2
357 424 2
362 138 2
364 395 2
370 194 2
370 447 2
375 79 2
387 407 2
389 145 2
390 268 2
392 106 2
393 305 2
407 245 2
408 77 2
412 169 2
420 121 2
436 296 2
437 159 2
451 116 2
451 444 2
454 66 2
455 181 2
456 404 2
457 258 2
459 91 2
459 220 2
5 247 3
18 65 3
28 447 3
49 423 3
68 201 3
94 29 3
170 93 3
211 19 3
232 33 3
238 77 3
241 329 3
243 379 3
259 166 3
261 46 3
264 188 3
268 213 3
268 241 3
308 61 3
320 169 3
322 129 3
342 107 3
349 46 3
365 47 3
366 372 3
378 44 3
401 54 3
432 78 3
