350 499 1
391 501 1
0 67 3
44 94 3
69 104 3
85 416 3
88 440 3
91 468 3
96 405 3
98 392 3
102 444 3
104 271 3
104 378 3
106 115 3
107 338 3
108 320 3
110 266 3
112 362 3
113 469 3
114 396 3
116 297 3
116 426 3
119 324 3
120 105 3
121 274 3
122 500 3
127 179 3
131 127 3
133 278 3
136 455 3
138 495 3
140 161 3
140 480 3
159 164 3
163 497 3
164 146 3
174 129 3
206 404 3
221 20 3
225 436 3
239 189 3
281 363 3
289 395 3
313 91 3
330 401 3
339 228 3
341 158 3
341 484 3
361 477 3
388 491 3
397 489 3
407 492 3
421 76 3
