1 104 2
2 160 2
3 415 2
4 391 2
5 25 2
5 124 2
5 146 2
6 183 2
8 75 2
14 40 2
16 160 2
17 110 2
20 133 2
23 432 2
28 176 2
29 396 2
32 245 2
36 5 2
37 41 2
38 414 2
39 444 2
43 228 2
44 482 2
45 431 2
52 264 2
52 398 2
54 293 2
56 338 2
57 91 2
58 167 2
60 453 2
66 206 2
67 399 2
69 319 2
70 477 2
71 146 2
73 245 2
74 276 2
75 3 2
76 342 2
80 294 2
82 463 2
83 403 2
90 57 2
90 156 2
91 311 2
95 482 2
96 13 2
100 138 2
101 169 2
102 344 2
105 195 2
106 31 2
106 58 2
114 468 2
115 490 2
116 134 2
117 325 2
123 171 2
129 344 2
132 472 2
133 106 2
140 60 2
140 199 2
146 176 2
147 471 2
148 137 2
157 202 2
158 353 2
159 485 2
164 44 2
164 88 2
174 262 2
176 483 2
179 162 2
180 374 2
182 16 2
183 338 2
187 181 2
188 61 2
188 109 2
190 391 2
192 208 2
196 9 2
196 255 2
198 487 2
203 2 2
204 54 2
205 312 2
209 124 2
210 88 2
211 352 2
213 277 2
220 393 2
221 148 2
222 255 2
223 169 2
230 347 2
231 216 2
232 46 2
233 82 2
235 313 2
238 283 2
248 400 2
252 421 2
256 352 2
257 330 2
266 6 2
284 98 2
390 137 2
396 445 2
398 475 2
402 420 2
417 48 2
421 112 2
423 402 2
425 81 2
426 212 2
428 55 2
437 237 2
439 269 2
442 251 2
447 64 2
451 208 2
451 410 2
452 188 2
454 88 2
457 245 2
458 26 2
460 227 2
461 100 2
463 294 2
464 171 2
465 46 2
467 416 2
470 311 2
472 470 2
473 259 2
473 407 2
478 80 2
480 245 2
481 13 2
481 207 2
482 277 2
484 181 2
485 486 2
486 63 2
487 450 2
488 284 2
13 214 3
70 378 3
98 454 3
109 416 3
120 433 3
198 462 3
261 85 3
268 391 3
270 285 3
272 366 3
273 67 3
278 196 3
279 468 3
286 463 3
287 300 3
291 328 3
304 486 3
306 470 3
314 370 3
314 405 3
319 304 3
339 468 3
347 79 3
354 121 3
380 58 3
392 21 3
394 366 3
401 306 3
403 316 3
404 383 3
412 179 3
438 369 3
454 359 3
464 369 3
