86 25 1
119 22 1
129 26 1
193 23 1
210 42 1
226 4 1
240 28 1
250 47 1
255 173 1
266 14 1
267 31 1
268 191 1
280 19 1
282 97 1
283 40 1
285 178 1
293 11 1
308 18 1
329 11 1
338 4 1
346 11 1
346 159 1
348 123 1
352 19 1
359 201 1
360 146 1
361 10 1
369 45 1
370 24 1
377 220 1
383 28 1
384 173 1
397 135 1
403 25 1
405 195 1
405 229 1
410 187 1
415 139 1
425 138 1
427 13 1
428 190 1
434 131 1
442 174 1
447 125 1
449 2 1
461 1 1
461 97 1
462 152 1
462 178 1
466 41 1
466 144 1
466 213 1
475 41 1
476 106 1
477 310 1
479 24 1
482 150 1
486 33 1
1 254 2
2 429 2
3 62 2
3 466 2
5 395 2
11 114 2
11 259 2
12 202 2
16 404 2
23 478 2
24 76 2
26 188 2
34 407 2
41 466 2
42 116 2
42 389 2
43 94 2
44 370 2
46 242 2
46 434 2
54 482 2
55 19 2
59 410 2
62 4 2
66 67 2
70 83 2
71 350 2
72 436 2
76 454 2
77 366 2
78 403 2
80 326 2
83 479 2
85 383 2
86 88 2
87 68 2
90 441 2
93 353 2
100 48 2
101 98 2
101 394 2
104 5 2
106 429 2
113 338 2
114 367 2
114 407 2
122 85 2
124 486 2
127 355 2
129 10 2
132 439 2
136 405 2
140 477 2
142 299 2
143 81 2
151 448 2
152 371 2
153 99 2
153 321 2
162 473 2
164 448 2
170 352 2
172 399 2
176 382 2
178 284 2
182 308 2
184 269 2
188 475 2
191 392 2
193 419 2
196 282 2
198 464 2
200 345 2
201 372 2
201 486 2
206 321 2
210 366 2
215 298 2
221 345 2
222 390 2
223 407 2
224 372 2
230 427 2
231 450 2
235 322 2
235 358 2
236 175 2
244 198 2
245 490 2
252 374 2
252 462 2
253 258 2
256 442 2
264 269 2
267 428 2
271 346 2
276 447 2
277 406 2
284 365 2
285 484 2
286 265 2
293 218 2
294 242 2
294 399 2
294 464 2
302 331 2
302 419 2
303 365 2
303 379 2
309 63 2
312 90 2
312 450 2
313 51 2
323 330 2
324 360 2
329 475 2
331 441 2
335 393 2
336 313 2
342 330 2
346 452 2
351 482 2
354 392 2
356 432 2
361 357 2
367 337 2
367 406 2
374 484 2
386 397 2
394 488 2
396 462 2
404 450 2
407 365 2
413 477 2
424 354 2
429 490 2
439 480 2
464 343 2
467 436 2
27 88 3
58 159 3
60 123 3
67 173 3
75 212 3
80 252 3
101 123 3
124 124 3
125 159 3
136 53 3
139 204 3
144 115 3
147 166 3
158 160 3
168 29 3
189 68 3
208 237 3
230 244 3
252 227 3
280 112 3
327 92 3
328 39 3
337 270 3
364 184 3
374 151 3
382 59 3
385 441 3
390 209 3
400 72 3
419 240 3
428 434 3
434 240 3
446 146 3
447 453 3
454 28 3
455 420 3
458 235 3
471 375 3
473 454 3
