16 97 1
16 253 1
18 86 1
28 342 1
58 212 1
72 2 1
75 298 1
76 31 1
79 64 1
87 157 1
91 328 1
94 204 1
102 22 1
104 460 1
105 34 1
105 401 1
106 7 1
107 222 1
111 172 1
114 21 1
115 343 1
120 382 1
127 424 1
129 437 1
134 398 1
137 425 1
143 488 1
172 431 1
174 4 1
178 421 1
182 75 1
193 230 1
208 175 1
209 44 1
212 237 1
232 234 1
237 179 1
253 300 1
256 248 1
261 55 1
261 434 1
263 483 1
274 441 1
280 283 1
285 87 1
289 101 1
298 157 1
300 56 1
305 266 1
306 101 1
311 438 1
315 468 1
322 463 1
324 147 1
342 125 1
346 422 1
347 224 1
352 122 1
352 385 1
355 259 1
356 178 1
357 65 1
359 447 1
361 377 1
373 221 1
384 493 1
396 125 1
410 476 1
424 360 1
425 402 1
449 293 1
452 500 1
463 256 1
466 235 1
468 72 1
470 40 1
479 500 1
3 104 3
5 121 3
7 304 3
7 490 3
10 44 3
11 470 3
12 190 3
13 447 3
19 274 3
21 181 3
23 131 3
25 393 3
27 267 3
28 217 3
32 229 3
34 52 3
36 499 3
37 169 3
41 266 3
42 3 3
44 208 3
55 30 3
59 487 3
59 500 3
60 329 3
65 470 3
66 161 3
70 235 3
71 346 3
71 489 3
76 87 3
77 359 3
78 394 3
85 9 3
89 489 3
92 37 3
92 359 3
93 452 3
94 66 3
102 258 3
104 502 3
109 236 3
111 160 3
122 87 3
123 73 3
125 128 3
126 191 3
134 202 3
134 294 3
135 375 3
136 100 3
137 160 3
138 223 3
139 225 3
141 122 3
149 229 3
156 482 3
157 87 3
158 125 3
161 102 3
167 330 3
169 60 3
171 128 3
172 141 3
175 277 3
178 327 3
179 387 3
181 309 3
182 303 3
183 315 3
185 483 3
188 202 3
188 299 3
188 363 3
189 323 3
194 19 3
194 311 3
195 372 3
198 492 3
204 198 3
207 456 3
208 287 3
212 483 3
213 383 3
218 33 3
218 368 3
222 108 3
225 50 3
245 139 3
246 2 3
254 478 3
257 21 3
257 380 3
268 395 3
273 82 3
275 142 3
278 344 3
279 172 3
280 43 3
280 136 3
280 313 3
283 330 3
284 33 3
288 406 3
292 345 3
296 416 3
302 206 3
304 388 3
305 181 3
311 383 3
312 26 3
312 76 3
316 199 3
316 229 3
317 215 3
321 425 3
323 325 3
323 336 3
324 355 3
336 258 3
339 15 3
345 267 3
350 372 3
353 191 3
357 104 3
361 35 3
363 134 3
367 401 3
372 138 3
375 110 3
377 162 3
379 128 3
383 134 3
385 307 3
385 393 3
386 60 3
388 237 3
390 140 3
392 301 3
393 342 3
393 363 3
398 68 3
407 222 3
410 401 3
412 100 3
412 298 3
412 372 3
416 141 3
417 81 3
418 495 3
420 455 3
423 241 3
433 338 3
437 442 3
445 447 3
446 444 3
449 111 3
450 71 3
451 335 3
457 245 3
466 171 3
469 215 3
469 418 3
470 245 3
476 412 3
477 446 3
479 208 3
487 165 3
488 450 3
490 205 3
492 190 3
495 442 3
495 489 3
496 242 3
497 214 3
499 500 3
