13 26 1
102 23 1
111 92 1
125 132 1
126 92 1
128 118 1
132 40 1
135 106 1
137 124 1
138 309 1
151 230 1
153 71 1
154 31 1
155 120 1
158 20 1
159 216 1
162 56 1
164 90 1
166 110 1
169 80 1
172 10 1
172 125 1
172 151 1
174 137 1
179 221 1
181 157 1
182 212 1
183 91 1
184 74 1
189 3 1
189 117 1
191 136 1
199 153 1
202 145 1
204 129 1
206 86 1
214 142 1
217 70 1
223 85 1
225 56 1
232 44 1
234 116 1
234 188 1
236 76 1
237 163 1
238 93 1
238 150 1
239 103 1
239 327 1
241 22 1
241 315 1
243 180 1
244 83 1
245 11 1
248 148 1
251 192 1
251 308 1
253 136 1
255 51 1
257 203 1
261 231 1
263 179 1
264 51 1
265 110 1
265 219 1
265 243 1
266 157 1
268 139 1
268 189 1
269 38 1
270 172 1
272 10 1
274 164 1
276 117 1
277 265 1
278 148 1
278 235 1
279 285 1
280 90 1
282 103 1
283 63 1
283 296 1
287 247 1
288 19 1
288 180 1
290 166 1
294 316 1
296 13 1
296 47 1
296 201 1
302 122 1
303 105 1
303 141 1
303 157 1
305 210 1
306 188 1
307 55 1
307 173 1
308 35 1
311 93 1
314 132 1
315 221 1
316 195 1
316 240 1
317 145 1
317 155 1
317 184 1
319 88 1
322 103 1
324 177 1
324 195 1
325 154 1
326 46 1
7 304 2
20 299 2
54 270 2
68 237 2
88 307 2
124 171 2
125 154 2
132 249 2
138 238 2
202 233 2
210 214 2
220 228 2
307 265 2
308 255 2
319 285 2
325 272 2
25 49 3
26 22 3
28 186 3
34 30 3
57 3 3
60 150 3
68 35 3
69 110 3
75 141 3
121 68 3
130 79 3
132 192 3
140 152 3
141 203 3
143 12 3
143 57 3
153 293 3
160 251 3
162 173 3
162 185 3
162 315 3
164 238 3
166 160 3
167 225 3
183 46 3
183 171 3
190 54 3
193 186 3
198 47 3
200 195 3
204 106 3
208 183 3
221 101 3
222 9 3
222 255 3
225 297 3
238 277 3
243 129 3
248 68 3
253 102 3
257 81 3
267 81 3
274 315 3
281 31 3
297 215 3
305 239 3
313 21 3
317 117 3
318 2 3
320 38 3
