14 320 1
20 364 1
21 352 1
26 321 1
32 362 1
40 288 1
46 405 1
47 359 1
49 300 1
59 360 1
66 396 1
69 361 1
71 319 1
84 360 1
88 316 1
93 398 1
104 368 1
106 315 1
109 404 1
113 287 1
116 413 1
121 312 1
124 422 1
129 258 1
132 395 1
133 312 1
134 420 1
142 401 1
144 360 1
147 311 1
148 393 1
150 295 1
155 365 1
158 118 1
158 176 1
158 463 1
161 143 1
163 271 1
164 154 1
165 109 1
166 364 1
169 341 1
174 154 1
174 356 1
175 120 1
176 267 1
176 284 1
177 232 1
178 326 1
182 129 1
182 145 1
186 397 1
189 348 1
190 136 1
190 424 1
191 118 1
192 324 1
195 261 1
197 80 1
197 152 1
197 404 1
199 311 1
201 106 1
202 132 1
202 142 1
202 351 1
202 422 1
204 434 1
208 160 1
209 113 1
213 241 1
214 140 1
214 431 1
215 125 1
217 364 1
219 257 1
220 151 1
221 278 1
225 134 1
226 246 1
227 463 1
228 454 1
230 225 1
231 258 1
240 461 1
241 309 1
245 236 1
245 263 1
245 364 1
247 397 1
248 322 1
249 285 1
249 297 1
255 406 1
260 289 1
263 238 1
263 397 1
272 437 1
273 392 1
273 407 1
274 352 1
284 307 1
285 348 1
285 444 1
287 286 1
287 379 1
289 399 1
292 252 1
292 424 1
294 388 1
295 311 1
297 286 1
299 347 1
299 401 1
300 440 1
303 390 1
305 287 1
306 383 1
309 310 1
310 241 1
314 391 1
316 284 1
324 262 1
324 381 1
327 284 1
328 456 1
329 420 1
337 255 1
338 285 1
339 313 1
340 403 1
345 454 1
351 256 1
351 372 1
353 406 1
355 314 1
358 392 1
359 456 1
367 278 1
382 420 1
393 421 1
407 377 1
408 461 1
2 236 2
2 427 2
3 446 2
4 16 2
4 142 2
5 71 2
7 165 2
10 107 2
15 47 2
18 277 2
21 137 2
23 444 2
24 56 2
26 80 2
27 237 2
31 415 2
35 7 2
37 437 2
38 33 2
38 217 2
43 116 2
46 270 2
51 452 2
54 422 2
56 55 2
61 173 2
63 266 2
66 4 2
66 220 2
67 427 2
78 443 2
80 60 2
81 161 2
87 459 2
88 4 2
92 111 2
92 423 2
95 228 2
96 168 2
96 208 2
101 34 2
102 10 2
102 83 2
103 71 2
103 158 2
103 442 2
112 208 2
114 461 2
116 107 2
119 19 2
132 202 2
133 5 2
134 44 2
144 184 2
147 20 2
147 431 2
148 224 2
150 451 2
151 197 2
161 45 2
162 5 2
163 59 2
171 416 2
172 16 2
172 195 2
177 433 2
184 445 2
188 21 2
188 61 2
192 213 2
196 173 2
202 40 2
227 41 2
233 72 2
233 431 2
234 443 2
235 6 2
241 166 2
242 192 2
244 14 2
247 45 2
250 121 2
251 86 2
262 104 2
264 167 2
268 27 2
268 215 2
273 197 2
280 129 2
283 71 2
288 175 2
291 198 2
293 117 2
294 227 2
298 41 2
301 157 2
304 190 2
307 133 2
308 68 2
320 180 2
320 217 2
323 94 2
324 75 2
327 157 2
333 207 2
333 344 2
340 38 2
340 123 2
341 170 2
342 73 2
348 196 2
348 337 2
350 14 2
350 111 2
352 206 2
361 165 2
362 225 2
368 377 2
369 116 2
373 457 2
375 139 2
379 16 2
384 171 2
386 218 2
389 192 2
390 108 2
396 139 2
397 228 2
401 205 2
411 427 2
413 23 2
415 166 2
417 179 2
423 203 2
428 322 2
429 145 2
431 8 2
431 248 2
436 375 2
439 114 2
440 286 2
441 356 2
441 409 2
442 47 2
443 271 2
445 30 2
446 168 2
450 6 2
451 229 2
453 313 2
454 335 2
456 56 2
456 146 2
459 123 2
459 254 2
55 103 3
63 119 3
65 103 3
65 286 3
79 334 3
88 333 3
90 294 3
109 250 3
130 330 3
147 323 3
167 300 3
176 297 3
209 215 3
234 327 3
373 37 3
375 87 3
