5 192 1
66 119 1
90 6 1
107 8 1
211 47 1
247 129 1
248 219 1
2 279 2
3 383 2
4 65 2
10 142 2
19 301 2
20 272 2
23 151 2
30 391 2
31 247 2
34 165 2
35 285 2
37 184 2
42 206 2
48 397 2
51 249 2
51 304 2
68 406 2
71 393 2
76 293 2
78 438 2
78 457 2
79 416 2
83 407 2
86 395 2
90 301 2
93 87 2
94 109 2
102 306 2
107 93 2
108 440 2
109 207 2
119 422 2
122 95 2
123 452 2
125 211 2
125 309 2
127 253 2
130 434 2
135 342 2
138 418 2
141 101 2
141 454 2
143 236 2
144 253 2
149 228 2
149 284 2
150 438 2
154 355 2
155 124 2
156 87 2
158 207 2
159 238 2
167 367 2
170 354 2
171 226 2
171 428 2
174 82 2
174 238 2
178 443 2
190 457 2
191 441 2
194 272 2
197 106 2
197 366 2
201 130 2
203 96 2
211 296 2
214 350 2
220 19 2
226 459 2
227 156 2
234 20 2
234 173 2
236 291 2
238 124 2
241 164 2
242 385 2
243 25 2
244 56 2
244 372 2
253 121 2
253 173 2
253 383 2
266 460 2
268 245 2
282 364 2
283 389 2
287 142 2
292 274 2
303 181 2
307 208 2
312 277 2
313 288 2
314 260 2
323 163 2
324 277 2
328 151 2
328 195 2
329 77 2
332 258 2
334 44 2
335 401 2
336 59 2
339 5 2
339 168 2
344 274 2
345 89 2
347 394 2
351 121 2
364 285 2
365 49 2
368 139 2
370 71 2
375 180 2
375 367 2
378 199 2
379 120 2
384 138 2
388 318 2
389 101 2
389 279 2
389 364 2
394 178 2
395 123 2
396 201 2
396 415 2
400 2 2
402 80 2
403 372 2
409 191 2
413 137 2
414 123 2
415 7 2
416 204 2
417 55 2
417 174 2
423 330 2
430 405 2
434 118 2
435 149 2
439 41 2
439 336 2
447 328 2
448 171 2
449 127 2
451 422 2
452 395 2
455 119 2
455 193 2
458 431 2
460 133 2
460 156 2
7 54 3
7 109 3
10 18 3
32 9 3
34 324 3
36 32 3
51 104 3
53 176 3
57 193 3
61 66 3
66 133 3
68 28 3
78 145 3
79 105 3
81 33 3
89 145 3
90 216 3
92 414 3
101 41 3
112 128 3
114 40 3
125 29 3
127 13 3
159 69 3
168 113 3
178 315 3
191 317 3
193 193 3
202 52 3
221 425 3
295 447 3
303 53 3
315 143 3
317 51 3
326 26 3
341 454 3
349 416 3
353 144 3
363 158 3
372 458 3
433 218 3
437 266 3
