41 366 1
58 299 1
99 233 1
113 77 1
120 96 1
124 87 1
172 70 1
212 206 1
3 58 2
4 223 2
7 21 2
9 135 2
10 180 2
13 414 2
15 204 2
16 275 2
17 225 2
24 184 2
25 384 2
29 128 2
29 430 2
31 215 2
31 454 2
37 37 2
40 197 2
41 104 2
45 143 2
47 427 2
49 460 2
50 382 2
50 399 2
51 10 2
53 34 2
54 230 2
55 446 2
56 90 2
56 190 2
58 54 2
58 356 2
60 134 2
60 372 2
62 417 2
63 105 2
63 211 2
66 390 2
67 23 2
69 438 2
74 5 2
76 37 2
76 252 2
76 336 2
77 316 2
79 77 2
79 122 2
79 298 2
80 94 2
82 407 2
84 351 2
84 378 2
85 202 2
85 240 2
85 326 2
91 46 2
97 436 2
97 456 2
99 28 2
100 348 2
102 182 2
102 327 2
105 382 2
105 417 2
107 3 2
109 45 2
109 145 2
109 211 2
110 267 2
111 400 2
116 166 2
116 243 2
119 357 2
120 290 2
124 184 2
124 323 2
127 421 2
127 456 2
128 143 2
128 442 2
132 390 2
138 235 2
139 105 2
139 409 2
140 172 2
140 427 2
143 131 2
148 213 2
151 458 2
153 19 2
153 309 2
153 370 2
153 394 2
155 293 2
156 6 2
159 432 2
160 352 2
162 203 2
163 232 2
164 410 2
170 300 2
170 453 2
172 113 2
172 422 2
175 392 2
178 195 2
178 350 2
180 225 2
182 368 2
184 103 2
185 48 2
185 118 2
186 256 2
190 335 2
191 17 2
191 33 2
192 279 2
195 355 2
198 227 2
200 245 2
204 199 2
205 16 2
205 143 2
208 281 2
208 394 2
211 43 2
211 128 2
211 258 2
213 301 2
215 344 2
215 375 2
216 230 2
218 28 2
218 95 2
219 247 2
219 330 2
220 72 2
223 280 2
231 264 2
231 352 2
238 246 2
239 68 2
239 173 2
239 280 2
242 299 2
246 91 2
248 380 2
249 153 2
254 281 2
254 428 2
257 352 2
258 116 2
258 229 2
260 192 2
261 259 2
262 64 2
263 176 2
263 405 2
266 31 2
267 15 2
268 241 2
269 213 2
270 355 2
274 333 2
275 100 2
277 290 2
279 162 2
280 377 2
282 451 2
283 236 2
283 452 2
284 52 2
284 403 2
285 269 2
286 352 2
289 117 2
292 29 2
292 170 2
295 93 2
299 324 2
300 216 2
300 387 2
302 294 2
304 52 2
305 266 2
307 356 2
310 204 2
310 235 2
311 22 2
314 334 2
315 135 2
316 118 2
316 157 2
319 219 2
320 299 2
320 368 2
321 266 2
323 323 2
324 284 2
325 45 2
325 344 2
327 65 2
327 245 2
327 409 2
327 424 2
328 29 2
328 310 2
329 12 2
331 181 2
333 127 2
333 387 2
338 199 2
339 265 2
340 218 2
342 337 2
343 75 2
343 315 2
344 249 2
344 301 2
344 375 2
347 36 2
347 110 2
348 352 2
349 279 2
350 3 2
350 18 2
354 231 2
356 388 2
358 59 2
358 135 2
358 361 2
359 88 2
360 286 2
361 250 2
362 271 2
362 303 2
367 14 2
370 186 2
373 44 2
373 109 2
373 259 2
375 328 2
376 27 2
379 292 2
381 60 2
384 85 2
388 183 2
389 308 2
390 230 2
392 154 2
393 27 2
393 202 2
394 268 2
395 278 2
406 240 2
408 176 2
410 63 2
410 275 2
419 160 2
419 229 2
419 263 2
420 34 2
421 185 2
424 116 2
424 213 2
429 141 2
431 0 2
431 169 2
433 78 2
437 155 2
439 179 2
440 56 2
441 92 2
443 2 2
443 344 2
446 133 2
446 321 2
448 30 2
451 147 2
454 52 2
457 174 2
460 106 2
460 282 2
463 125 2
95 305 3
120 130 3
170 92 3
222 118 3
224 60 3
224 187 3
227 136 3
231 213 3
234 153 3
271 423 3
295 244 3
335 153 3
352 459 3
353 202 3
360 337 3
372 340 3
384 451 3
388 352 3
388 432 3
405 420 3
416 300 3
417 404 3
420 99 3
428 446 3
432 355 3
