368 360 1
4 283 2
6 270 2
6 315 2
8 165 2
9 7 2
12 369 2
14 393 2
15 249 2
17 215 2
17 433 2
22 91 2
22 312 2
22 461 2
26 139 2
26 334 2
30 275 2
30 353 2
32 169 2
34 370 2
38 212 2
39 236 2
42 111 2
44 7 2
46 388 2
51 196 2
51 455 2
52 139 2
52 286 2
60 100 2
61 168 2
61 351 2
63 33 2
66 226 2
67 53 2
71 448 2
73 294 2
73 388 2
75 176 2
77 7 2
77 208 2
80 309 2
85 85 2
86 366 2
91 232 2
92 31 2
94 109 2
95 434 2
96 452 2
99 281 2
101 190 2
102 262 2
102 380 2
103 59 2
105 410 2
108 7 2
113 87 2
117 203 2
121 234 2
124 46 2
124 458 2
126 21 2
126 107 2
126 350 2
130 65 2
132 188 2
134 431 2
137 88 2
142 42 2
142 208 2
146 237 2
146 448 2
148 103 2
154 458 2
155 427 2
160 219 2
168 60 2
169 275 2
171 401 2
172 259 2
173 445 2
177 370 2
180 40 2
180 148 2
180 216 2
185 25 2
186 239 2
188 340 2
189 67 2
190 186 2
191 118 2
191 285 2
194 169 2
194 308 2
195 262 2
203 147 2
204 325 2
205 223 2
216 429 2
217 38 2
219 113 2
219 257 2
220 276 2
220 456 2
221 137 2
222 77 2
225 157 2
228 184 2
231 331 2
231 412 2
232 212 2
233 308 2
234 438 2
236 98 2
237 21 2
237 82 2
237 461 2
239 63 2
243 239 2
244 398 2
245 40 2
253 110 2
259 355 2
263 187 2
264 282 2
266 219 2
268 80 2
272 385 2
274 53 2
274 198 2
278 344 2
279 1 2
279 14 2
279 35 2
280 410 2
281 160 2
282 182 2
286 139 2
287 108 2
288 431 2
290 277 2
294 59 2
295 11 2
297 218 2
298 249 2
302 290 2
305 36 2
309 0 2
311 116 2
313 332 2
314 357 2
321 461 2
322 6 2
323 162 2
330 45 2
330 368 2
332 200 2
335 23 2
335 93 2
337 297 2
339 69 2
342 231 2
345 111 2
345 347 2
349 440 2
352 49 2
352 140 2
356 254 2
357 413 2
358 79 2
359 4 2
359 125 2
361 197 2
365 166 2
369 454 2
375 16 2
375 83 2
376 141 2
378 54 2
378 273 2
379 308 2
381 429 2
384 34 2
387 124 2
387 239 2
388 401 2
392 2 2
397 282 2
397 310 2
399 105 2
402 150 2
402 363 2
404 181 2
412 69 2
415 298 2
416 14 2
417 235 2
417 417 2
420 457 2
422 121 2
422 438 2
424 318 2
425 36 2
426 190 2
429 260 2
432 373 2
433 404 2
435 79 2
436 56 2
436 109 2
439 185 2
440 136 2
441 240 2
442 354 2
444 174 2
448 428 2
449 380 2
451 265 2
452 46 2
452 156 2
452 412 2
453 96 2
454 68 2
457 360 2
460 126 2
460 220 2
460 462 2
461 290 2
463 432 2
15 118 3
21 66 3
54 241 3
67 263 3
119 260 3
127 286 3
136 251 3
153 71 3
154 340 3
168 90 3
214 94 3
223 371 3
262 21 3
307 385 3
312 435 3
333 329 3
344 330 3
445 311 3
445 333 3
456 330 3
