6 101 1
11 66 1
12 194 1
18 182 1
42 138 1
50 80 1
60 145 1
76 162 1
85 100 1
101 75 1
107 128 1
132 146 1
175 108 1
192 134 1
217 101 1
231 86 1
240 9 1
267 91 1
386 4 1
3 305 2
8 398 2
10 380 2
12 445 2
18 334 2
22 403 2
29 249 2
32 354 2
41 4 2
43 314 2
47 411 2
48 462 2
53 379 2
58 270 2
60 296 2
64 345 2
71 411 2
72 384 2
75 442 2
76 359 2
81 6 2
82 264 2
86 307 2
87 285 2
92 222 2
93 401 2
101 244 2
101 437 2
107 342 2
114 283 2
121 445 2
123 436 2
133 417 2
135 290 2
136 205 2
143 347 2
147 171 2
147 373 2
147 428 2
148 461 2
155 134 2
159 407 2
160 324 2
161 302 2
162 269 2
163 229 2
163 374 2
164 445 2
168 343 2
169 174 2
172 305 2
176 246 2
180 280 2
181 196 2
183 411 2
186 450 2
188 384 2
192 230 2
192 299 2
192 428 2
192 460 2
193 193 2
196 260 2
201 335 2
204 277 2
207 159 2
209 389 2
211 459 2
215 278 2
217 187 2
224 212 2
225 240 2
225 337 2
225 409 2
238 281 2
238 309 2
239 450 2
241 267 2
247 142 2
248 391 2
249 286 2
251 171 2
258 360 2
262 246 2
264 139 2
265 188 2
268 355 2
270 421 2
273 103 2
274 295 2
278 457 2
280 328 2
281 212 2
281 228 2
282 277 2
282 278 2
285 371 2
286 116 2
292 80 2
300 400 2
301 206 2
303 133 2
304 146 2
304 283 2
307 262 2
307 364 2
309 335 2
310 186 2
310 309 2
312 15 2
313 237 2
318 336 2
321 28 2
321 169 2
322 51 2
324 446 2
326 314 2
326 392 2
334 269 2
334 352 2
336 6 2
337 110 2
339 46 2
339 386 2
340 423 2
341 178 2
345 320 2
345 436 2
347 16 2
347 198 2
348 297 2
351 132 2
351 373 2
353 408 2
358 346 2
360 33 2
361 94 2
363 241 2
363 388 2
363 427 2
364 56 2
364 277 2
366 259 2
367 155 2
368 264 2
370 309 2
370 365 2
381 191 2
381 274 2
382 342 2
382 399 2
384 442 2
386 131 2
389 368 2
391 37 2
397 224 2
399 450 2
402 360 2
404 176 2
405 268 2
405 326 2
409 295 2
412 131 2
414 236 2
415 114 2
417 170 2
417 207 2
418 31 2
419 378 2
420 65 2
421 92 2
422 410 2
423 12 2
425 442 2
426 320 2
431 232 2
434 294 2
435 32 2
435 309 2
436 145 2
437 342 2
438 8 2
438 190 2
439 162 2
446 270 2
447 460 2
448 126 2
449 428 2
451 369 2
453 396 2
455 207 2
455 409 2
457 148 2
460 445 2
461 159 2
462 93 2
462 116 2
462 174 2
7 155 3
10 169 3
12 233 3
14 18 3
16 259 3
20 215 3
21 232 3
42 37 3
55 164 3
63 35 3
68 231 3
75 245 3
81 129 3
85 173 3
85 203 3
93 17 3
96 148 3
96 198 3
113 148 3
123 67 3
129 64 3
133 129 3
138 6 3
165 101 3
165 118 3
173 72 3
176 46 3
185 19 3
197 40 3
198 65 3
210 136 3
224 121 3
239 424 3
296 9 3
346 77 3
404 56 3
