3 116 1
3 190 1
7 169 1
8 252 1
9 234 1
14 43 1
20 461 1
21 10 1
21 343 1
24 133 1
24 293 1
25 413 1
28 92 1
29 278 1
33 264 1
33 324 1
38 61 1
38 293 1
41 16 1
50 117 1
59 104 1
62 84 1
65 22 1
67 240 1
78 217 1
80 16 1
86 310 1
87 28 1
91 285 1
93 7 1
101 151 1
104 419 1
108 190 1
110 3 1
111 112 1
117 91 1
118 327 1
119 181 1
120 150 1
123 205 1
125 102 1
126 71 1
134 56 1
135 88 1
137 167 1
138 195 1
139 115 1
149 155 1
151 22 1
152 73 1
155 6 1
155 217 1
156 111 1
162 180 1
164 91 1
167 49 1
170 72 1
178 163 1
181 176 1
183 48 1
184 64 1
185 79 1
186 200 1
191 30 1
195 290 1
199 53 1
206 140 1
208 32 1
211 105 1
212 118 1
217 255 1
226 30 1
236 78 1
236 101 1
236 114 1
236 142 1
238 40 1
242 67 1
243 92 1
248 137 1
256 19 1
262 46 1
274 34 1
301 46 1
311 3 1
328 2 1
449 243 1
62 384 2
63 397 2
76 370 2
85 381 2
85 399 2
87 427 2
93 353 2
101 429 2
105 405 2
106 460 2
108 364 2
124 241 2
133 419 2
134 433 2
137 399 2
143 453 2
159 457 2
161 317 2
166 412 2
168 391 2
180 341 2
185 391 2
193 250 2
193 424 2
197 446 2
199 410 2
202 210 2
202 305 2
217 431 2
233 358 2
237 219 2
243 161 2
246 456 2
253 417 2
255 463 2
257 175 2
260 115 2
269 249 2
272 280 2
273 230 2
273 423 2
277 310 2
279 291 2
282 164 2
285 386 2
288 327 2
290 356 2
295 274 2
304 132 2
305 370 2
316 131 2
317 68 2
318 453 2
321 380 2
323 40 2
325 198 2
330 17 2
330 217 2
330 260 2
337 142 2
342 130 2
346 408 2
349 375 2
356 223 2
366 182 2
370 369 2
381 241 2
383 138 2
384 406 2
386 118 2
386 354 2
397 81 2
400 338 2
404 101 2
408 277 2
411 146 2
419 229 2
430 91 2
430 133 2
433 26 2
433 245 2
436 159 2
439 276 2
444 47 2
444 365 2
445 184 2
446 228 2
446 320 2
452 3 2
458 383 2
461 334 2
462 88 2
462 300 2
16 438 3
25 428 3
41 396 3
43 236 3
47 369 3
50 274 3
67 277 3
86 237 3
89 51 3
92 163 3
99 251 3
101 173 3
141 370 3
149 366 3
163 346 3
186 365 3
187 146 3
198 156 3
199 384 3
208 384 3
210 151 3
213 88 3
221 139 3
236 312 3
281 88 3
292 94 3
293 111 3
345 30 3
376 450 3
436 448 3
443 299 3
459 406 3
