3 67 1
8 22 1
10 54 1
12 78 1
14 9 1
19 69 1
29 9 1
29 32 1
30 20 1
35 44 1
35 71 1
37 88 1
39 118 1
40 57 1
41 10 1
48 74 1
49 37 1
49 87 1
53 19 1
57 62 1
59 74 1
65 23 1
65 109 1
66 53 1
70 71 1
81 75 1
83 27 1
83 100 1
85 16 1
86 43 1
91 60 1
101 85 1
102 58 1
104 359 1
105 44 1
113 14 1
114 25 1
119 42 1
123 6 1
123 28 1
123 54 1
125 68 1
129 43 1
130 85 1
136 56 1
137 20 1
141 39 1
142 67 1
148 26 1
154 81 1
156 45 1
165 83 1
179 23 1
180 68 1
180 88 1
190 61 1
192 27 1
196 48 1
199 33 1
202 18 1
207 72 1
208 41 1
225 8 1
249 477 1
298 54 1
315 98 1
9 134 2
13 485 2
17 151 2
33 101 2
34 244 2
38 403 2
39 229 2
54 446 2
66 224 2
74 120 2
96 120 2
106 126 2
107 406 2
112 234 2
135 370 2
135 451 2
140 125 2
151 346 2
159 112 2
160 16 2
161 487 2
167 127 2
176 277 2
191 214 2
198 97 2
202 354 2
211 82 2
211 108 2
223 59 2
223 205 2
231 74 2
239 460 2
241 247 2
247 12 2
248 388 2
261 321 2
289 480 2
294 317 2
295 220 2
298 491 2
306 64 2
321 57 2
323 172 2
336 331 2
337 86 2
343 128 2
351 289 2
352 60 2
359 410 2
374 340 2
377 207 2
380 79 2
412 426 2
416 97 2
423 466 2
440 297 2
446 7 2
464 402 2
480 350 2
481 466 2
486 428 2
490 340 2
23 181 3
67 184 3
77 422 3
82 167 3
96 356 3
100 20 3
102 72 3
133 175 3
165 142 3
171 175 3
175 53 3
191 77 3
209 174 3
210 253 3
215 318 3
233 128 3
237 172 3
244 94 3
246 38 3
246 69 3
249 142 3
255 152 3
262 180 3
263 131 3
264 112 3
264 197 3
265 221 3
269 27 3
270 147 3
287 20 3
290 89 3
293 143 3
297 181 3
303 114 3
331 29 3
344 7 3
351 31 3
392 372 3
421 152 3
422 159 3
435 141 3
438 23 3
438 152 3
459 40 3
