2 362 1
2 396 1
2 413 1
6 430 1
8 357 1
9 164 1
10 379 1
11 412 1
15 440 1
16 354 1
20 367 1
20 390 1
24 348 1
26 429 1
27 406 1
34 390 1
34 416 1
37 340 1
40 399 1
43 260 1
43 381 1
44 290 1
44 351 1
44 372 1
46 326 1
47 438 1
49 279 1
52 301 1
53 237 1
54 253 1
54 349 1
56 366 1
56 381 1
56 459 1
57 265 1
57 285 1
57 332 1
61 410 1
63 239 1
65 375 1
67 267 1
67 398 1
68 216 1
70 337 1
70 389 1
70 425 1
73 351 1
73 409 1
78 315 1
79 277 1
79 388 1
79 398 1
80 264 1
81 346 1
82 229 1
82 334 1
82 372 1
82 419 1
84 211 1
86 285 1
89 322 1
91 248 1
91 388 1
94 272 1
96 332 1
96 420 1
97 395 1
99 262 1
100 380 1
102 253 1
102 404 1
103 222 1
103 242 1
104 368 1
105 279 1
108 397 1
109 448 1
112 359 1
112 417 1
115 216 1
116 371 1
118 383 1
118 443 1
119 393 1
122 265 1
122 354 1
123 423 1
124 454 1
126 321 1
127 340 1
129 288 1
130 308 1
130 410 1
130 433 1
134 237 1
134 334 1
135 351 1
135 450 1
138 272 1
138 321 1
141 406 1
141 423 1
143 444 1
144 255 1
144 344 1
145 368 1
147 195 1
147 239 1
147 293 1
148 226 1
148 396 1
149 333 1
149 410 1
153 278 1
155 453 1
157 324 1
159 429 1
160 190 1
161 215 1
163 275 1
163 408 1
167 312 1
168 339 1
169 394 1
171 455 1
172 445 1
173 323 1
173 363 1
173 409 1
175 439 1
176 240 1
178 347 1
180 467 1
182 336 1
183 418 1
184 231 1
187 376 1
188 359 1
189 292 1
190 346 1
190 458 1
190 486 1
193 246 1
196 379 1
196 402 1
197 388 1
198 421 1
199 283 1
199 308 1
200 352 1
201 56 1
202 257 1
202 482 1
203 322 1
207 232 1
208 392 1
211 408 1
212 335 1
215 265 1
219 420 1
221 433 1
222 290 1
224 243 1
226 320 1
226 386 1
228 347 1
233 148 1
233 331 1
234 397 1
236 371 1
239 293 1
239 409 1
248 323 1
249 435 1
250 311 1
254 305 1
255 294 1
260 318 1
264 404 1
265 376 1
265 390 1
269 83 1
269 193 1
269 282 1
271 311 1
273 260 1
273 382 1
274 428 1
277 449 1
279 325 1
279 392 1
279 416 1
281 291 1
285 182 1
286 310 1
301 413 1
305 383 1
309 337 1
311 106 1
312 271 1
314 284 1
317 307 1
323 270 1
324 313 1
327 382 1
343 300 1
345 283 1
349 313 1
360 290 1
360 301 1
363 486 1
369 219 1
374 286 1
377 437 1
380 462 1
384 226 1
387 163 1
396 417 1
397 249 1
416 409 1
427 392 1
428 193 1
455 374 1
484 145 1
15 33 2
63 3 2
66 18 2
68 109 2
81 8 2
85 105 2
86 303 2
89 21 2
94 65 2
99 54 2
107 311 2
109 8 2
118 61 2
124 13 2
141 48 2
160 302 2
269 358 2
316 183 2
317 245 2
323 148 2
323 202 2
326 49 2
328 66 2
332 218 2
338 108 2
341 17 2
343 384 2
344 86 2
345 5 2
345 59 2
347 89 2
348 190 2
350 117 2
358 203 2
363 136 2
365 93 2
367 124 2
370 64 2
370 164 2
387 107 2
387 302 2
395 52 2
418 58 2
421 151 2
425 92 2
427 1 2
445 69 2
450 120 2
453 103 2
455 3 2
461 61 2
471 4 2
479 29 2
486 6 2
2 259 3
6 218 3
7 75 3
7 336 3
19 186 3
22 172 3
26 276 3
29 48 3
30 326 3
37 166 3
38 144 3
45 218 3
47 43 3
61 48 3
63 178 3
80 460 3
90 93 3
111 155 3
117 299 3
118 104 3
118 166 3
121 228 3
137 185 3
137 208 3
148 83 3
150 148 3
153 160 3
153 250 3
156 382 3
159 112 3
161 125 3
163 371 3
168 201 3
177 292 3
178 387 3
184 303 3
191 213 3
193 116 3
202 446 3
205 246 3
207 440 3
215 251 3
218 199 3
223 12 3
223 403 3
224 65 3
230 263 3
233 187 3
234 435 3
238 238 3
240 33 3
241 458 3
249 27 3
250 241 3
253 280 3
254 121 3
255 178 3
265 220 3
285 146 3
285 238 3
288 477 3
294 39 3
299 147 3
306 295 3
312 473 3
319 30 3
321 9 3
321 295 3
329 372 3
332 341 3
345 472 3
363 430 3
366 191 3
367 443 3
367 468 3
370 389 3
373 332 3
373 423 3
408 96 3
409 9 3
410 9 3
414 179 3
418 116 3
443 408 3
449 318 3
450 148 3
456 208 3
459 311 3
460 188 3
469 165 3
484 92 3
