4 341 1
6 397 1
7 167 1
7 370 1
8 452 1
10 154 1
11 181 1
13 121 1
18 362 1
19 398 1
22 6 1
22 89 1
28 368 1
30 179 1
31 448 1
36 332 1
36 377 1
39 396 1
42 364 1
46 448 1
48 349 1
59 143 1
66 56 1
70 131 1
70 423 1
71 395 1
75 302 1
76 101 1
76 457 1
77 116 1
82 89 1
83 30 1
86 405 1
89 62 1
89 139 1
89 419 1
90 44 1
90 315 1
93 329 1
102 281 1
103 134 1
103 262 1
106 77 1
106 308 1
109 94 1
111 257 1
115 128 1
115 322 1
118 27 1
121 82 1
121 215 1
122 286 1
122 352 1
123 273 1
133 256 1
133 341 1
134 121 1
134 324 1
135 74 1
135 294 1
136 276 1
137 93 1
146 306 1
148 110 1
158 92 1
160 297 1
167 289 1
194 213 1
196 449 1
203 369 1
242 54 1
244 217 1
252 208 1
254 234 1
271 463 1
277 353 1
333 239 1
336 61 1
336 130 1
343 233 1
358 262 1
372 383 1
375 372 1
402 162 1
447 125 1
453 161 1
4 237 2
14 222 2
23 136 2
47 172 2
47 201 2
51 252 2
57 129 2
74 218 2
78 182 2
89 205 2
116 154 2
119 406 2
120 380 2
121 104 2
122 6 2
122 424 2
129 174 2
133 5 2
136 399 2
138 147 2
147 202 2
149 319 2
151 161 2
152 137 2
152 432 2
154 223 2
154 394 2
159 20 2
161 184 2
163 43 2
167 74 2
169 153 2
170 238 2
170 270 2
176 19 2
177 214 2
178 366 2
180 382 2
181 405 2
183 26 2
183 283 2
189 324 2
190 65 2
192 349 2
202 4 2
202 178 2
203 150 2
203 436 2
205 198 2
205 308 2
208 26 2
213 78 2
213 250 2
214 400 2
217 459 2
220 10 2
220 351 2
223 166 2
228 114 2
231 242 2
231 441 2
237 117 2
239 147 2
239 275 2
240 264 2
247 97 2
248 426 2
251 20 2
251 134 2
263 75 2
263 114 2
264 300 2
270 9 2
284 81 2
285 148 2
290 167 2
293 70 2
293 202 2
294 27 2
302 5 2
308 70 2
308 179 2
314 130 2
315 293 2
316 69 2
316 171 2
316 340 2
322 414 2
325 316 2
325 376 2
326 80 2
326 197 2
335 159 2
339 425 2
342 346 2
346 393 2
353 171 2
361 86 2
361 320 2
363 409 2
366 23 2
374 304 2
376 6 2
377 137 2
380 78 2
390 28 2
394 64 2
396 318 2
397 352 2
400 219 2
403 292 2
405 428 2
405 454 2
408 370 2
409 388 2
411 49 2
412 260 2
415 350 2
419 310 2
422 4 2
426 55 2
426 303 2
427 214 2
427 448 2
428 327 2
429 362 2
431 252 2
432 35 2
433 420 2
434 399 2
442 235 2
445 346 2
451 91 2
452 40 2
452 60 2
453 278 2
453 316 2
453 331 2
456 145 2
457 249 2
1 47 3
5 13 3
7 299 3
20 163 3
32 155 3
33 36 3
44 315 3
45 63 3
51 48 3
55 304 3
57 383 3
61 278 3
62 314 3
62 333 3
63 401 3
67 347 3
73 358 3
79 271 3
79 290 3
93 362 3
95 378 3
104 428 3
111 366 3
163 256 3
169 353 3
216 371 3
231 373 3
240 320 3
241 346 3
248 366 3
249 352 3
258 192 3
274 249 3
277 243 3
281 386 3
284 434 3
288 448 3
289 340 3
293 424 3
299 281 3
299 287 3
321 269 3
327 41 3
343 7 3
383 118 3
385 380 3
438 128 3
445 136 3
