0 145 2
0 308 2
0 371 2
2 17 2
2 45 2
2 201 2
2 254 2
2 436 2
6 353 2
7 71 2
7 131 2
7 320 2
7 383 2
8 211 2
10 415 2
11 459 2
12 304 2
12 446 2
16 18 2
16 34 2
17 433 2
21 155 2
21 348 2
23 317 2
23 393 2
24 136 2
25 48 2
25 68 2
26 294 2
28 452 2
29 372 2
29 413 2
31 216 2
32 16 2
34 2 2
38 299 2
39 34 2
39 388 2
40 72 2
40 156 2
41 326 2
42 14 2
44 204 2
44 348 2
46 413 2
47 55 2
47 169 2
48 274 2
48 293 2
49 89 2
51 223 2
54 385 2
56 191 2
58 334 2
59 67 2
59 370 2
65 201 2
67 100 2
68 426 2
69 18 2
69 459 2
70 80 2
71 413 2
72 133 2
72 303 2
73 59 2
73 205 2
74 38 2
75 318 2
75 393 2
79 113 2
79 248 2
82 99 2
82 332 2
83 41 2
83 150 2
84 83 2
88 446 2
91 96 2
91 416 2
91 430 2
92 274 2
96 457 2
97 356 2
98 230 2
104 335 2
105 180 2
105 378 2
105 442 2
106 316 2
107 21 2
111 62 2
112 272 2
112 348 2
112 370 2
113 133 2
113 460 2
114 89 2
114 160 2
115 305 2
117 120 2
117 262 2
118 2 2
119 292 2
120 35 2
122 18 2
124 440 2
126 169 2
126 358 2
129 130 2
130 205 2
131 148 2
132 185 2
132 377 2
135 219 2
135 264 2
136 234 2
139 156 2
141 294 2
143 454 2
146 250 2
147 52 2
147 170 2
149 106 2
149 354 2
155 244 2
158 309 2
158 338 2
159 65 2
160 401 2
162 35 2
164 4 2
165 135 2
166 292 2
166 365 2
168 118 2
171 385 2
175 416 2
176 56 2
177 225 2
180 149 2
191 33 2
191 212 2
192 241 2
194 6 2
195 229 2
196 73 2
198 150 2
199 104 2
200 115 2
201 166 2
203 270 2
207 24 2
209 125 2
210 191 2
210 292 2
211 343 2
213 15 2
214 205 2
214 361 2
218 254 2
220 91 2
221 172 2
221 274 2
222 433 2
223 195 2
226 446 2
227 46 2
228 460 2
230 101 2
230 349 2
233 329 2
234 20 2
234 183 2
235 215 2
235 303 2
238 371 2
238 438 2
239 315 2
241 253 2
242 38 2
242 203 2
242 270 2
244 422 2
245 300 2
248 108 2
248 143 2
249 400 2
250 85 2
251 229 2
252 36 2
254 368 2
255 261 2
256 411 2
260 70 2
261 385 2
262 130 2
262 157 2
263 186 2
266 28 2
268 105 2
269 57 2
269 450 2
270 273 2
272 84 2
275 6 2
275 187 2
277 133 2
277 231 2
278 43 2
278 216 2
279 353 2
280 153 2
282 328 2
284 198 2
284 303 2
286 279 2
287 30 2
289 346 2
293 79 2
293 95 2
295 332 2
300 147 2
301 205 2
301 237 2
306 412 2
307 278 2
310 189 2
310 396 2
312 313 2
313 349 2
315 434 2
318 331 2
319 36 2
319 260 2
322 280 2
327 137 2
330 192 2
330 249 2
330 313 2
331 97 2
331 455 2
334 437 2
335 146 2
335 282 2
335 419 2
336 15 2
337 161 2
339 85 2
340 2 2
340 255 2
340 367 2
341 329 2
343 69 2
343 395 2
343 444 2
344 129 2
345 211 2
346 456 2
347 100 2
347 309 2
351 271 2
352 24 2
352 431 2
353 9 2
355 351 2
357 193 2
358 286 2
358 400 2
359 108 2
359 146 2
359 419 2
362 227 2
364 57 2
364 126 2
365 19 2
365 85 2
367 361 2
368 245 2
369 373 2
370 71 2
372 328 2
373 6 2
373 138 2
374 116 2
375 286 2
376 352 2
378 98 2
379 219 2
381 256 2
382 58 2
390 361 2
392 217 2
392 275 2
393 127 2
393 422 2
394 323 2
394 342 2
395 8 2
395 93 2
395 458 2
396 239 2
396 444 2
397 300 2
401 35 2
402 164 2
403 137 2
404 70 2
406 109 2
407 252 2
407 309 2
407 358 2
408 279 2
411 412 2
412 177 2
413 52 2
413 371 2
418 342 2
419 328 2
419 387 2
420 294 2
421 84 2
421 232 2
423 26 2
423 200 2
425 405 2
426 129 2
426 152 2
427 260 2
427 350 2
428 310 2
430 174 2
431 339 2
432 4 2
432 46 2
432 274 2
433 462 2
437 52 2
438 204 2
438 374 2
439 112 2
441 301 2
443 146 2
443 244 2
445 219 2
446 63 2
446 440 2
447 358 2
448 125 2
449 191 2
451 159 2
451 173 2
453 334 2
454 108 2
454 263 2
458 19 2
458 40 2
459 56 2
461 191 2
461 300 2
462 120 2
463 163 2
463 348 2
18 191 3
46 77 3
54 152 3
61 134 3
61 399 3
97 7 3
104 407 3
123 401 3
156 437 3
175 338 3
177 261 3
178 270 3
179 293 3
180 432 3
211 65 3
214 371 3
219 334 3
224 381 3
227 338 3
229 59 3
241 66 3
274 173 3
288 377 3
300 173 3
310 174 3
311 456 3
317 206 3
323 18 3
327 375 3
334 181 3
351 301 3
356 38 3
365 388 3
373 192 3
374 38 3
382 199 3
393 25 3
428 103 3
455 352 3
