256 81 2
257 40 2
260 298 2
265 54 2
266 26 2
266 248 2
267 5 2
267 270 2
273 76 2
276 262 2
276 293 2
277 88 2
277 226 2
278 39 2
278 305 2
280 61 2
281 160 2
283 246 2
285 280 2
290 148 2
290 232 2
291 95 2
293 71 2
293 174 2
293 218 2
294 190 2
295 161 2
300 138 2
301 202 2
301 252 2
303 101 2
304 224 2
310 179 2
313 159 2
314 126 2
314 149 2
316 200 2
3 102 3
3 196 3
6 327 3
9 55 3
17 241 3
26 127 3
26 297 3
47 16 3
47 201 3
50 280 3
53 35 3
54 273 3
76 138 3
80 106 3
81 296 3
84 73 3
96 71 3
101 324 3
102 236 3
103 277 3
107 21 3
118 59 3
130 171 3
141 274 3
143 235 3
149 92 3
149 183 3
158 83 3
159 323 3
169 185 3
169 211 3
180 25 3
180 313 3
184 256 3
189 50 3
204 222 3
206 81 3
206 288 3
217 11 3
224 245 3
230 188 3
236 167 3
244 190 3
266 198 3
300 296 3
308 321 3
324 101 3
