3 395 2
5 434 2
6 123 2
7 213 2
8 299 2
10 56 2
10 326 2
11 142 2
16 266 2
16 368 2
17 165 2
26 422 2
30 43 2
30 239 2
32 358 2
33 4 2
33 256 2
34 59 2
35 147 2
35 170 2
36 219 2
39 326 2
40 82 2
41 412 2
44 307 2
44 374 2
45 462 2
50 277 2
53 104 2
53 209 2
56 384 2
57 159 2
58 268 2
61 91 2
63 461 2
66 445 2
67 255 2
68 229 2
68 271 2
68 351 2
70 7 2
76 366 2
84 278 2
84 448 2
85 91 2
85 241 2
89 137 2
91 69 2
92 374 2
92 382 2
102 269 2
105 287 2
109 306 2
109 385 2
109 415 2
110 453 2
126 287 2
127 53 2
127 401 2
128 10 2
128 459 2
132 242 2
132 263 2
134 428 2
142 282 2
142 364 2
143 113 2
143 381 2
149 168 2
151 64 2
152 82 2
153 261 2
155 356 2
156 28 2
157 13 2
157 323 2
160 417 2
160 441 2
161 103 2
161 186 2
168 145 2
170 351 2
175 128 2
175 336 2
177 20 2
177 361 2
177 455 2
178 172 2
178 378 2
182 5 2
184 230 2
185 87 2
185 209 2
185 398 2
186 189 2
187 285 2
190 314 2
193 453 2
196 101 2
201 166 2
202 367 2
205 74 2
206 346 2
206 446 2
207 396 2
208 207 2
209 424 2
214 136 2
217 25 2
217 411 2
218 117 2
221 304 2
222 64 2
222 328 2
223 46 2
224 374 2
225 164 2
231 440 2
234 280 2
235 348 2
235 405 2
237 256 2
238 11 2
240 119 2
240 187 2
244 312 2
247 328 2
247 453 2
251 58 2
252 356 2
255 201 2
256 276 2
256 438 2
265 104 2
269 50 2
272 375 2
273 461 2
274 312 2
275 24 2
278 129 2
278 405 2
280 67 2
285 392 2
286 187 2
287 159 2
287 451 2
295 252 2
297 302 2
298 426 2
304 153 2
305 222 2
307 336 2
312 7 2
312 237 2
313 72 2
314 95 2
314 267 2
317 174 2
322 278 2
322 406 2
323 318 2
325 343 2
325 439 2
327 119 2
331 39 2
333 457 2
336 158 2
337 397 2
342 212 2
343 318 2
347 246 2
347 342 2
351 442 2
355 122 2
355 425 2
356 104 2
361 259 2
361 437 2
362 22 2
364 296 2
364 392 2
365 243 2
366 44 2
367 377 2
369 326 2
372 415 2
375 435 2
378 9 2
378 215 2
382 127 2
384 67 2
385 385 2
385 461 2
386 284 2
386 367 2
390 34 2
390 245 2
395 448 2
397 316 2
402 45 2
410 65 2
412 324 2
413 116 2
414 290 2
417 136 2
418 259 2
418 447 2
419 357 2
420 87 2
421 406 2
425 50 2
431 298 2
432 152 2
433 436 2
436 217 2
437 267 2
438 368 2
442 242 2
444 18 2
445 103 2
452 287 2
454 166 2
455 127 2
456 392 2
460 36 2
460 87 2
461 247 2
77 163 3
95 34 3
102 360 3
103 5 3
103 94 3
106 139 3
110 26 3
111 70 3
113 130 3
113 350 3
134 346 3
166 245 3
184 434 3
216 6 3
265 233 3
329 195 3
336 177 3
342 59 3
356 161 3
363 66 3
367 175 3
384 187 3
387 342 3
410 168 3
424 178 3
