150 154 1
160 214 1
167 9 1
168 67 1
169 92 1
171 40 1
173 52 1
173 147 1
179 99 1
180 12 1
180 116 1
183 136 1
187 83 1
214 140 1
215 124 1
224 151 1
228 143 1
228 168 1
241 144 1
247 176 1
248 187 1
249 156 1
252 140 1
261 165 1
269 141 1
278 213 1
283 163 1
283 174 1
285 133 1
286 151 1
291 187 1
294 166 1
297 177 1
300 156 1
302 189 1
312 168 1
323 152 1
325 138 1
334 147 1
337 128 1
338 167 1
349 157 1
351 178 1
353 144 1
355 165 1
357 106 1
364 176 1
368 124 1
376 130 1
376 171 1
376 187 1
388 143 1
392 112 1
392 158 1
393 125 1
411 117 1
415 107 1
8 258 2
11 445 2
13 231 2
17 42 2
17 307 2
28 67 2
28 240 2
30 116 2
35 372 2
46 56 2
48 153 2
50 32 2
65 68 2
68 117 2
70 38 2
70 154 2
72 19 2
78 407 2
87 335 2
89 217 2
91 190 2
97 78 2
98 237 2
104 164 2
105 120 2
109 3 2
111 436 2
114 272 2
115 318 2
117 453 2
119 239 2
120 461 2
125 436 2
131 141 2
132 120 2
133 154 2
137 314 2
146 373 2
151 344 2
154 260 2
155 453 2
164 272 2
175 236 2
183 218 2
208 205 2
208 321 2
219 299 2
220 266 2
220 430 2
222 238 2
227 212 2
236 254 2
236 456 2
241 9 2
252 275 2
257 299 2
262 341 2
262 456 2
273 387 2
274 349 2
278 407 2
293 412 2
301 61 2
301 354 2
306 428 2
306 457 2
315 222 2
316 293 2
318 394 2
323 242 2
326 267 2
328 449 2
350 319 2
353 393 2
361 239 2
363 296 2
364 259 2
364 350 2
376 421 2
384 14 2
387 454 2
403 50 2
405 341 2
440 412 2
445 49 2
454 187 2
460 287 2
6 185 3
8 167 3
9 284 3
59 421 3
67 262 3
78 275 3
99 50 3
110 62 3
115 24 3
126 83 3
127 18 3
132 93 3
139 203 3
141 226 3
141 244 3
143 187 3
149 204 3
154 93 3
157 126 3
163 177 3
163 240 3
167 337 3
174 125 3
183 188 3
184 154 3
188 109 3
198 91 3
198 152 3
202 276 3
212 100 3
222 182 3
223 335 3
238 40 3
239 119 3
241 89 3
243 374 3
248 72 3
248 364 3
260 218 3
270 115 3
284 121 3
286 325 3
288 201 3
322 188 3
339 17 3
347 197 3
361 456 3
387 184 3
391 219 3
394 93 3
395 202 3
405 278 3
410 245 3
416 173 3
420 272 3
423 138 3
431 290 3
433 135 3
