20 291 1
23 342 1
72 186 1
138 146 1
192 230 1
194 162 1
206 284 1
209 222 1
306 50 1
389 117 1
398 105 1
415 123 1
426 138 1
438 286 1
445 437 1
5 95 2
21 70 2
40 451 2
48 295 2
50 274 2
59 257 2
79 226 2
83 310 2
90 254 2
92 431 2
99 204 2
100 285 2
104 448 2
106 406 2
107 424 2
110 259 2
111 347 2
118 323 2
119 389 2
123 311 2
124 283 2
125 298 2
128 368 2
130 340 2
159 440 2
166 322 2
171 288 2
177 449 2
179 315 2
183 390 2
188 280 2
195 371 2
196 394 2
207 395 2
208 301 2
209 338 2
231 374 2
232 334 2
248 306 2
255 279 2
262 454 2
271 406 2
280 259 2
286 429 2
288 211 2
294 311 2
295 390 2
300 454 2
303 296 2
305 264 2
305 361 2
316 283 2
316 284 2
318 294 2
320 225 2
321 340 2
322 186 2
322 321 2
327 353 2
336 400 2
337 216 2
339 461 2
345 366 2
347 287 2
349 419 2
350 438 2
352 260 2
353 391 2
359 239 2
362 219 2
369 188 2
373 148 2
380 298 2
383 172 2
384 157 2
389 457 2
390 242 2
394 402 2
398 269 2
398 345 2
398 374 2
399 185 2
429 268 2
431 257 2
455 80 2
458 458 2
459 164 2
460 138 2
462 188 2
2 288 3
3 116 3
4 32 3
7 253 3
7 453 3
8 351 3
9 201 3
9 292 3
11 274 3
18 130 3
18 165 3
25 424 3
28 319 3
32 394 3
33 118 3
36 6 3
38 12 3
41 86 3
41 316 3
48 217 3
51 47 3
64 168 3
64 427 3
66 123 3
66 363 3
78 119 3
82 46 3
100 156 3
101 8 3
105 173 3
118 165 3
126 125 3
126 174 3
127 31 3
127 100 3
128 46 3
132 111 3
138 234 3
142 180 3
143 208 3
148 398 3
156 403 3
158 344 3
162 361 3
164 170 3
164 264 3
167 155 3
175 250 3
176 359 3
179 343 3
180 192 3
192 3 3
194 239 3
195 62 3
196 321 3
197 48 3
201 177 3
203 158 3
206 166 3
207 51 3
209 61 3
210 2 3
216 39 3
219 161 3
223 222 3
226 146 3
227 114 3
229 25 3
239 227 3
241 267 3
243 153 3
252 197 3
255 112 3
258 1 3
259 145 3
268 187 3
273 136 3
287 158 3
291 57 3
291 103 3
294 141 3
294 168 3
295 125 3
301 159 3
308 169 3
310 160 3
328 93 3
337 39 3
346 152 3
350 9 3
352 84 3
353 133 3
357 112 3
358 112 3
367 101 3
367 119 3
379 58 3
383 3 3
389 8 3
396 67 3
405 90 3
411 17 3
412 68 3
416 174 3
416 394 3
417 48 3
424 328 3
424 451 3
425 192 3
426 9 3
427 69 3
428 105 3
429 377 3
431 126 3
431 434 3
433 402 3
435 325 3
438 272 3
442 418 3
442 429 3
447 114 3
448 382 3
460 408 3
462 111 3
462 288 3
