38 105 1
48 152 1
110 393 1
482 470 1
488 451 1
3 172 2
5 349 2
6 2 2
6 210 2
6 381 2
10 54 2
11 95 2
12 75 2
13 409 2
20 185 2
25 361 2
26 387 2
28 88 2
29 167 2
31 62 2
42 336 2
43 43 2
47 447 2
50 375 2
57 338 2
58 358 2
61 469 2
69 62 2
70 350 2
70 439 2
73 30 2
76 198 2
77 47 2
87 69 2
87 430 2
93 179 2
105 309 2
108 61 2
108 445 2
109 45 2
112 35 2
116 307 2
117 152 2
118 287 2
119 21 2
136 148 2
138 262 2
143 112 2
145 311 2
154 299 2
163 276 2
168 93 2
170 15 2
170 160 2
172 324 2
175 136 2
177 178 2
181 416 2
182 398 2
183 120 2
183 265 2
184 358 2
190 290 2
194 88 2
198 410 2
201 253 2
205 449 2
206 55 2
206 142 2
209 276 2
209 339 2
210 399 2
211 306 2
214 75 2
219 440 2
220 240 2
230 136 2
232 54 2
242 93 2
242 242 2
242 289 2
246 32 2
246 334 2
246 443 2
248 72 2
255 93 2
259 51 2
259 140 2
260 259 2
262 230 2
263 466 2
266 11 2
268 405 2
269 333 2
277 125 2
277 276 2
279 29 2
279 479 2
280 317 2
286 216 2
287 251 2
289 418 2
295 76 2
298 309 2
299 103 2
304 43 2
304 450 2
306 289 2
306 430 2
307 241 2
310 9 2
314 141 2
314 209 2
318 345 2
326 243 2
327 114 2
329 68 2
329 289 2
330 447 2
334 478 2
338 11 2
338 46 2
341 125 2
343 91 2
345 265 2
347 239 2
349 465 2
353 213 2
364 3 2
365 34 2
370 424 2
372 85 2
372 228 2
378 207 2
381 313 2
382 23 2
384 47 2
390 10 2
393 287 2
394 86 2
396 220 2
402 36 2
407 317 2
407 365 2
408 73 2
409 235 2
421 335 2
427 408 2
427 486 2
428 75 2
430 44 2
431 462 2
433 372 2
434 161 2
436 474 2
441 173 2
444 26 2
447 282 2
447 411 2
448 57 2
449 90 2
449 482 2
451 309 2
453 40 2
454 390 2
455 9 2
461 238 2
461 474 2
463 151 2
473 73 2
473 401 2
474 36 2
478 57 2
478 226 2
479 167 2
481 21 2
484 367 2
485 299 2
486 418 2
14 260 3
33 287 3
50 248 3
57 262 3
72 119 3
77 240 3
77 267 3
81 335 3
87 340 3
94 228 3
100 146 3
104 245 3
120 242 3
132 228 3
161 222 3
174 250 3
180 209 3
227 221 3
230 484 3
230 487 3
233 490 3
239 383 3
275 188 3
341 388 3
358 196 3
378 466 3
382 167 3
399 118 3
427 191 3
433 248 3
447 132 3
458 447 3
469 418 3
