24 64 1
137 56 1
142 14 1
142 26 1
178 68 1
185 16 1
282 23 1
307 27 1
338 403 1
344 412 1
373 35 1
402 103 1
404 33 1
405 412 1
411 22 1
419 408 1
4 356 2
5 300 2
6 388 2
9 327 2
9 410 2
10 279 2
17 256 2
21 373 2
25 415 2
35 263 2
36 282 2
37 307 2
37 429 2
39 442 2
41 242 2
44 329 2
45 357 2
51 289 2
52 273 2
57 338 2
67 382 2
69 227 2
70 272 2
72 345 2
73 357 2
77 249 2
79 317 2
89 259 2
90 384 2
94 406 2
96 226 2
97 358 2
102 431 2
106 278 2
107 373 2
109 338 2
110 247 2
111 395 2
119 432 2
127 348 2
129 286 2
131 267 2
132 373 2
134 417 2
147 403 2
149 251 2
150 449 2
151 280 2
151 342 2
152 238 2
156 317 2
159 361 2
159 437 2
161 134 2
162 421 2
167 333 2
173 157 2
176 270 2
177 360 2
182 290 2
184 311 2
185 170 2
186 419 2
189 381 2
190 133 2
191 338 2
193 248 2
197 150 2
198 400 2
200 167 2
201 111 2
203 275 2
203 379 2
205 87 2
205 307 2
205 358 2
206 189 2
212 420 2
220 109 2
220 378 2
220 403 2
221 284 2
227 201 2
228 307 2
235 332 2
235 390 2
239 217 2
242 289 2
246 128 2
246 348 2
246 372 2
247 91 2
255 160 2
255 355 2
261 239 2
264 341 2
266 211 2
268 180 2
276 226 2
277 194 2
287 139 2
296 165 2
296 370 2
297 182 2
302 393 2
304 195 2
346 345 2
347 280 2
348 106 2
352 321 2
353 302 2
362 257 2
363 335 2
365 289 2
376 341 2
384 238 2
384 254 2
391 296 2
391 323 2
396 341 2
401 239 2
410 259 2
414 350 2
415 222 2
417 313 2
424 281 2
427 239 2
428 329 2
431 293 2
437 309 2
445 322 2
448 337 2
459 312 2
461 294 2
462 267 2
6 57 3
7 162 3
7 237 3
12 87 3
16 110 3
18 149 3
21 196 3
22 45 3
23 23 3
23 458 3
25 160 3
27 170 3
31 461 3
32 26 3
39 3 3
39 93 3
42 83 3
47 103 3
48 120 3
51 6 3
59 147 3
61 66 3
72 185 3
78 69 3
78 131 3
84 136 3
85 122 3
88 45 3
91 188 3
95 175 3
102 46 3
103 191 3
118 18 3
125 39 3
138 194 3
159 171 3
165 5 3
171 200 3
175 81 3
186 34 3
188 209 3
215 458 3
240 12 3
241 425 3
244 6 3
244 440 3
255 49 3
256 64 3
257 41 3
264 413 3
268 446 3
275 72 3
290 353 3
291 78 3
299 420 3
299 432 3
303 313 3
306 324 3
313 90 3
314 6 3
317 222 3
317 422 3
320 322 3
324 335 3
327 167 3
330 143 3
332 191 3
335 180 3
340 361 3
349 158 3
351 202 3
352 391 3
354 129 3
359 138 3
361 150 3
365 405 3
382 198 3
387 364 3
391 424 3
395 433 3
413 185 3
418 158 3
422 118 3
426 105 3
427 440 3
429 150 3
437 207 3
441 407 3
445 178 3
451 221 3
459 168 3
