3 150 1
3 201 1
4 108 1
8 169 1
11 253 1
21 139 1
22 99 1
24 75 1
27 112 1
31 12 1
38 56 1
55 179 1
56 19 1
63 198 1
66 22 1
68 90 1
76 270 1
78 58 1
91 205 1
97 92 1
103 128 1
105 27 1
115 156 1
121 5 1
129 155 1
140 73 1
145 27 1
150 108 1
152 7 1
164 3 1
166 35 1
178 23 1
75 323 2
105 245 2
106 308 2
109 286 2
123 257 2
126 241 2
126 291 2
127 315 2
134 270 2
142 203 2
149 258 2
151 305 2
156 165 2
158 230 2
163 296 2
171 191 2
172 130 2
173 282 2
175 145 2
178 239 2
183 263 2
183 320 2
187 104 2
187 224 2
189 166 2
197 277 2
198 129 2
209 68 2
215 48 2
216 114 2
217 232 2
221 88 2
223 300 2
224 215 2
225 158 2
227 147 2
232 199 2
233 261 2
236 79 2
240 112 2
245 59 2
246 1 2
248 253 2
249 289 2
254 180 2
257 22 2
259 43 2
259 84 2
259 110 2
259 326 2
267 242 2
270 134 2
272 61 2
272 286 2
278 157 2
282 27 2
282 320 2
291 263 2
291 296 2
292 213 2
295 125 2
295 178 2
301 39 2
306 95 2
312 69 2
315 318 2
316 200 2
317 294 2
320 12 2
324 146 2
3 51 3
5 65 3
10 4 3
12 23 3
18 47 3
20 27 3
23 323 3
28 31 3
33 169 3
33 195 3
36 254 3
42 208 3
45 70 3
48 203 3
52 284 3
59 267 3
63 216 3
63 257 3
64 291 3
70 45 3
75 123 3
75 216 3
79 170 3
84 136 3
86 270 3
87 32 3
87 85 3
88 153 3
102 147 3
115 10 3
116 181 3
125 85 3
131 38 3
131 51 3
140 126 3
151 61 3
159 70 3
160 52 3
182 50 3
191 0 3
198 20 3
199 3 3
