149 46 1
2 313 2
3 83 2
5 131 2
8 49 2
10 19 2
11 144 2
13 97 2
14 262 2
16 298 2
22 371 2
24 236 2
28 56 2
28 83 2
30 26 2
33 354 2
39 114 2
40 149 2
43 9 2
44 293 2
46 252 2
47 319 2
49 50 2
49 96 2
51 208 2
53 27 2
60 112 2
61 346 2
64 260 2
65 133 2
72 38 2
73 203 2
79 85 2
81 17 2
84 330 2
84 456 2
87 439 2
88 238 2
89 56 2
92 268 2
95 108 2
100 214 2
102 191 2
104 50 2
104 166 2
105 407 2
109 82 2
109 438 2
111 147 2
111 230 2
117 380 2
119 166 2
121 258 2
122 130 2
124 63 2
125 188 2
125 446 2
129 102 2
130 145 2
135 14 2
136 426 2
137 207 2
137 232 2
138 320 2
138 386 2
149 151 2
150 86 2
151 353 2
157 109 2
162 66 2
162 228 2
163 299 2
164 204 2
164 435 2
166 23 2
166 257 2
170 129 2
176 84 2
177 51 2
181 283 2
183 158 2
184 101 2
184 211 2
185 421 2
190 448 2
191 22 2
191 128 2
191 372 2
193 341 2
198 66 2
199 258 2
200 124 2
204 394 2
205 13 2
205 239 2
212 316 2
213 87 2
213 441 2
217 43 2
217 157 2
219 331 2
222 11 2
222 219 2
226 384 2
227 183 2
228 201 2
228 315 2
230 242 2
236 247 2
237 183 2
238 203 2
239 165 2
240 74 2
240 312 2
242 362 2
243 442 2
244 104 2
245 143 2
249 459 2
255 9 2
256 337 2
259 169 2
267 116 2
268 90 2
270 257 2
271 378 2
273 211 2
275 75 2
276 322 2
278 234 2
279 450 2
282 189 2
283 135 2
287 284 2
289 335 2
290 162 2
293 362 2
294 265 2
298 430 2
299 60 2
303 21 2
305 107 2
312 276 2
316 419 2
324 186 2
325 57 2
327 80 2
327 115 2
329 398 2
332 27 2
333 214 2
333 238 2
340 329 2
341 168 2
344 118 2
347 190 2
347 253 2
351 55 2
351 152 2
355 30 2
355 86 2
355 231 2
356 303 2
359 282 2
364 327 2
365 110 2
368 261 2
370 132 2
370 215 2
372 171 2
381 14 2
381 52 2
382 146 2
391 94 2
391 366 2
392 181 2
392 197 2
392 283 2
397 120 2
399 455 2
401 257 2
403 148 2
404 282 2
406 222 2
407 333 2
408 171 2
410 431 2
412 33 2
412 372 2
418 5 2
419 350 2
423 194 2
426 411 2
427 103 2
428 294 2
434 219 2
438 262 2
438 331 2
439 147 2
440 22 2
443 395 2
445 181 2
449 361 2
454 90 2
454 205 2
454 275 2
454 387 2
455 456 2
457 138 2
458 233 2
459 27 2
459 292 2
459 320 2
4 179 3
12 414 3
13 428 3
17 218 3
17 443 3
28 412 3
30 205 3
33 453 3
37 182 3
41 401 3
57 181 3
86 396 3
109 290 3
110 316 3
124 277 3
134 290 3
157 333 3
224 290 3
237 288 3
265 192 3
294 220 3
301 186 3
302 208 3
310 147 3
317 125 3
335 460 3
349 415 3
354 380 3
412 66 3
437 63 3
