416 289 1
466 347 1
484 376 1
486 338 1
496 369 1
1 95 3
2 323 3
5 206 3
6 387 3
7 97 3
16 81 3
19 211 3
23 280 3
27 314 3
29 222 3
29 287 3
32 354 3
36 280 3
38 333 3
41 222 3
41 223 3
50 218 3
55 232 3
58 206 3
59 269 3
74 192 3
75 177 3
81 150 3
85 251 3
86 296 3
89 266 3
91 314 3
94 45 3
103 287 3
103 310 3
107 406 3
109 154 3
112 262 3
115 360 3
118 350 3
121 184 3
123 73 3
123 200 3
123 408 3
127 117 3
127 139 3
128 437 3
139 145 3
140 265 3
142 96 3
157 168 3
165 10 3
169 157 3
175 58 3
176 244 3
178 73 3
178 138 3
179 40 3
184 57 3
185 19 3
186 394 3
200 46 3
202 205 3
204 89 3
205 338 3
207 241 3
208 131 3
210 300 3
212 63 3
219 296 3
222 389 3
225 13 3
227 492 3
233 248 3
237 193 3
241 45 3
241 126 3
251 121 3
252 266 3
258 104 3
259 498 3
267 176 3
269 415 3
271 103 3
276 197 3
286 68 3
287 92 3
290 199 3
290 451 3
293 3 3
294 322 3
295 44 3
295 297 3
296 29 3
302 479 3
306 158 3
309 29 3
309 240 3
310 210 3
311 183 3
313 53 3
317 9 3
317 268 3
320 476 3
322 210 3
324 443 3
328 193 3
331 261 3
333 273 3
334 32 3
334 205 3
336 173 3
337 358 3
337 436 3
338 465 3
341 499 3
342 23 3
343 447 3
344 468 3
347 372 3
353 167 3
356 193 3
359 202 3
373 134 3
374 344 3
379 373 3
382 30 3
384 178 3
384 356 3
386 336 3
386 393 3
389 156 3
392 318 3
395 126 3
397 4 3
398 415 3
403 355 3
403 391 3
406 152 3
416 321 3
417 402 3
419 162 3
419 252 3
432 103 3
434 120 3
435 351 3
436 316 3
446 429 3
446 441 3
448 477 3
453 424 3
456 261 3
456 355 3
457 382 3
461 145 3
465 89 3
468 466 3
475 280 3
479 440 3
485 421 3
490 112 3
494 312 3
494 418 3
495 489 3
496 69 3
497 203 3
498 252 3
499 225 3
500 398 3
