4 256 1
12 458 1
28 380 1
108 244 1
111 472 1
115 279 1
116 463 1
122 321 1
125 411 1
127 345 1
130 369 1
132 404 1
449 103 1
4 88 3
4 472 3
4 487 3
5 220 3
5 342 3
6 80 3
8 59 3
9 423 3
10 275 3
13 209 3
15 1 3
15 447 3
18 264 3
18 397 3
18 437 3
20 412 3
21 200 3
25 70 3
25 155 3
25 160 3
26 42 3
29 301 3
29 362 3
29 373 3
29 394 3
42 2 3
43 184 3
44 23 3
49 44 3
52 127 3
53 24 3
55 95 3
56 185 3
67 193 3
68 176 3
74 204 3
77 183 3
84 46 3
88 191 3
88 200 3
90 2 3
90 211 3
94 229 3
96 489 3
100 253 3
101 55 3
104 489 3
107 481 3
116 286 3
118 253 3
119 368 3
121 121 3
121 267 3
122 294 3
123 333 3
124 299 3
127 438 3
130 170 3
131 415 3
132 349 3
135 361 3
138 396 3
148 452 3
150 494 3
158 167 3
159 440 3
161 58 3
167 366 3
177 450 3
185 437 3
185 463 3
199 163 3
202 440 3
220 376 3
243 350 3
263 479 3
267 387 3
278 246 3
288 162 3
297 57 3
302 256 3
305 279 3
348 5 3
359 372 3
384 54 3
384 434 3
420 196 3
423 104 3
423 492 3
436 81 3
437 234 3
437 410 3
438 121 3
439 17 3
443 92 3
444 399 3
453 11 3
456 86 3
479 137 3
493 410 3
500 319 3
501 407 3
