273 83 1
4 190 3
6 68 3
11 97 3
20 305 3
30 128 3
34 113 3
40 81 3
42 73 3
46 221 3
50 79 3
50 199 3
67 415 3
81 41 3
81 222 3
88 368 3
95 158 3
98 4 3
102 413 3
107 291 3
116 411 3
120 480 3
138 434 3
153 434 3
165 245 3
168 284 3
180 257 3
187 348 3
199 370 3
207 299 3
212 249 3
241 258 3
242 98 3
253 327 3
267 243 3
267 348 3
293 443 3
296 18 3
302 258 3
303 461 3
305 455 3
318 198 3
321 243 3
331 425 3
332 82 3
332 161 3
342 71 3
353 21 3
360 144 3
361 26 3
362 124 3
365 160 3
368 138 3
392 93 3
402 81 3
408 206 3
408 376 3
421 14 3
434 37 3
435 192 3
437 30 3
440 18 3
454 358 3
456 55 3
457 32 3
465 439 3
466 141 3
479 204 3
481 477 3
487 305 3
