18 213 1
57 469 1
63 448 1
72 481 1
76 472 1
80 430 1
81 453 1
86 482 1
88 442 1
93 428 1
93 470 1
99 426 1
107 434 1
140 460 1
144 458 1
146 449 1
146 474 1
147 436 1
151 467 1
156 456 1
168 207 1
170 427 1
172 471 1
173 442 1
182 463 1
187 447 1
199 453 1
209 474 1
223 487 1
256 285 1
256 351 1
257 377 1
259 362 1
262 341 1
262 477 1
271 486 1
277 370 1
278 276 1
280 405 1
281 360 1
281 389 1
283 286 1
287 420 1
293 391 1
300 360 1
303 245 1
317 245 1
323 234 1
324 423 1
328 201 1
328 490 1
331 221 1
334 337 1
339 183 1
340 142 1
344 237 1
346 226 1
346 488 1
353 219 1
355 150 1
359 242 1
365 253 1
368 266 1
369 151 1
374 116 1
376 312 1
377 280 1
378 80 1
378 141 1
378 218 1
383 243 1
386 228 1
387 76 1
387 279 1
389 94 1
389 364 1
390 158 1
390 234 1
392 343 1
394 268 1
396 256 1
399 134 1
402 163 1
403 31 1
404 454 1
406 222 1
408 240 1
409 146 1
410 69 1
413 187 1
414 41 1
414 272 1
416 8 1
417 445 1
421 232 1
421 324 1
423 198 1
425 111 1
427 125 1
427 258 1
427 325 1
428 153 1
428 373 1
429 21 1
431 343 1
432 180 1
432 193 1
434 167 1
434 231 1
436 138 1
439 248 1
440 110 1
441 405 1
443 160 1
445 3 1
445 200 1
446 34 1
446 69 1
446 87 1
448 136 1
449 20 1
449 60 1
452 186 1
453 116 1
453 226 1
459 207 1
459 216 1
459 370 1
460 15 1
461 239 1
468 214 1
469 278 1
471 83 1
471 199 1
472 235 1
474 68 1
476 276 1
479 49 1
479 186 1
480 452 1
481 240 1
484 194 1
484 220 1
490 452 1
1 113 2
3 245 2
3 386 2
4 43 2
8 8 2
8 294 2
10 111 2
10 194 2
12 331 2
13 32 2
13 488 2
14 88 2
19 237 2
29 75 2
29 332 2
32 11 2
34 203 2
40 50 2
42 82 2
47 125 2
51 97 2
59 44 2
62 241 2
65 73 2
65 133 2
67 216 2
68 28 2
79 57 2
79 137 2
83 233 2
87 184 2
90 23 2
96 158 2
98 204 2
103 4 2
106 16 2
109 92 2
113 278 2
114 111 2
114 256 2
115 304 2
122 199 2
123 71 2
123 154 2
123 175 2
133 6 2
136 92 2
139 27 2
142 145 2
142 186 2
148 6 2
151 202 2
152 111 2
160 74 2
166 106 2
167 87 2
167 217 2
168 147 2
169 41 2
175 222 2
182 317 2
187 141 2
189 82 2
191 30 2
191 246 2
192 119 2
193 264 2
194 181 2
205 70 2
206 138 2
216 393 2
217 118 2
218 307 2
220 218 2
223 2 2
228 124 2
228 145 2
229 189 2
230 387 2
230 417 2
231 443 2
234 331 2
237 211 2
238 69 2
242 219 2
245 103 2
251 203 2
254 176 2
255 41 2
257 1 2
259 140 2
263 212 2
268 71 2
269 155 2
278 8 2
282 115 2
288 82 2
291 50 2
295 7 2
298 97 2
302 165 2
304 397 2
309 25 2
310 117 2
317 8 2
317 41 2
318 13 2
323 94 2
331 66 2
337 21 2
337 29 2
338 52 2
347 3 2
352 307 2
401 202 2
409 470 2
455 344 2
490 107 2
491 71 2
492 85 2
493 35 2
15 426 3
19 144 3
21 276 3
21 423 3
22 168 3
23 366 3
27 295 3
34 444 3
35 348 3
36 290 3
41 278 3
45 303 3
49 383 3
50 423 3
55 304 3
61 484 3
67 378 3
67 406 3
67 468 3
74 259 3
75 390 3
76 303 3
78 345 3
81 437 3
82 251 3
87 373 3
89 269 3
98 335 3
98 417 3
98 485 3
100 267 3
101 477 3
103 356 3
114 448 3
121 376 3
128 466 3
129 459 3
132 415 3
133 474 3
135 349 3
136 280 3
136 298 3
136 377 3
142 317 3
145 410 3
146 63 3
151 305 3
155 276 3
156 342 3
157 413 3
158 437 3
166 483 3
168 269 3
174 289 3
175 374 3
177 204 3
181 353 3
182 63 3
191 390 3
192 341 3
195 224 3
199 371 3
199 482 3
200 362 3
201 463 3
210 276 3
212 342 3
217 349 3
217 368 3
222 288 3
233 229 3
239 469 3
251 253 3
256 299 3
258 228 3
264 234 3
266 240 3
270 222 3
272 297 3
274 126 3
279 191 3
279 262 3
280 339 3
285 204 3
285 465 3
287 337 3
287 345 3
293 261 3
293 311 3
294 181 3
296 341 3
298 136 3
303 277 3
304 332 3
304 348 3
305 231 3
305 427 3
307 316 3
307 385 3
307 410 3
309 456 3
310 463 3
314 196 3
315 314 3
316 380 3
316 390 3
319 271 3
321 192 3
325 432 3
327 365 3
329 163 3
330 129 3
330 375 3
330 471 3
331 263 3
331 297 3
333 318 3
333 407 3
337 349 3
337 451 3
337 481 3
339 366 3
340 393 3
344 399 3
348 291 3
351 119 3
355 170 3
358 289 3
358 320 3
359 106 3
359 327 3
359 403 3
360 478 3
362 435 3
363 464 3
364 75 3
365 285 3
366 26 3
367 369 3
371 360 3
372 429 3
375 385 3
377 8 3
377 329 3
380 410 3
381 354 3
382 401 3
390 185 3
390 391 3
393 481 3
397 474 3
405 365 3
405 420 3
406 312 3
406 326 3
412 83 3
412 374 3
413 100 3
414 455 3
415 364 3
418 87 3
424 307 3
427 49 3
427 482 3
431 474 3
433 211 3
434 481 3
435 316 3
439 285 3
446 462 3
450 285 3
457 95 3
457 262 3
458 357 3
461 465 3
462 146 3
462 320 3
463 307 3
465 429 3
466 145 3
469 259 3
470 304 3
472 400 3
472 485 3
474 9 3
476 297 3
480 400 3
480 486 3
483 316 3
483 442 3
484 323 3
486 166 3
486 285 3
486 474 3
488 434 3
489 275 3
490 257 3
491 340 3
