6 442 1
9 249 1
12 264 1
25 363 1
30 385 1
110 431 1
124 62 1
126 7 1
132 79 1
147 70 1
148 127 1
173 147 1
192 106 1
193 180 1
199 125 1
206 191 1
216 458 1
236 443 1
260 396 1
260 420 1
261 444 1
262 376 1
272 363 1
272 387 1
273 459 1
282 375 1
282 399 1
286 412 1
288 318 1
288 436 1
289 342 1
293 326 1
293 456 1
297 182 1
297 352 1
301 268 1
303 304 1
304 339 1
304 413 1
307 285 1
310 261 1
320 322 1
322 234 1
328 340 1
330 163 1
330 283 1
332 293 1
333 206 1
333 307 1
333 404 1
338 426 1
339 151 1
339 215 1
345 12 1
347 272 1
352 313 1
352 364 1
354 175 1
360 324 1
362 345 1
365 410 1
365 436 1
366 364 1
367 395 1
371 152 1
375 375 1
378 391 1
384 463 1
387 346 1
388 102 1
388 115 1
389 141 1
394 452 1
400 381 1
400 410 1
407 433 1
408 394 1
409 285 1
410 107 1
413 189 1
415 442 1
416 310 1
417 334 1
418 297 1
419 221 1
421 147 1
424 454 1
426 237 1
429 118 1
429 273 1
438 210 1
438 321 1
439 345 1
440 246 1
441 191 1
442 235 1
444 312 1
451 287 1
451 411 1
458 359 1
459 269 1
460 201 1
460 349 1
1 18 2
1 36 2
2 141 2
3 89 2
3 342 2
7 68 2
7 125 2
7 366 2
10 39 2
18 167 2
20 152 2
25 198 2
32 55 2
36 115 2
38 29 2
39 142 2
39 178 2
40 3 2
45 227 2
52 96 2
54 236 2
66 67 2
72 170 2
76 9 2
79 36 2
88 101 2
90 261 2
94 14 2
94 238 2
97 220 2
102 280 2
107 201 2
108 305 2
112 128 2
115 171 2
119 21 2
122 222 2
125 295 2
135 268 2
135 323 2
139 183 2
142 23 2
144 156 2
145 344 2
157 303 2
159 361 2
163 35 2
163 202 2
165 230 2
170 15 2
176 336 2
177 252 2
180 52 2
183 315 2
184 5 2
185 408 2
190 296 2
197 20 2
202 48 2
203 389 2
208 354 2
209 77 2
210 328 2
221 302 2
224 241 2
226 63 2
234 212 2
243 171 2
248 249 2
251 73 2
260 123 2
260 326 2
263 295 2
266 347 2
267 49 2
275 73 2
280 233 2
283 6 2
287 158 2
288 135 2
292 60 2
306 237 2
315 196 2
320 113 2
330 98 2
334 72 2
404 17 2
405 89 2
413 66 2
420 96 2
434 6 2
436 56 2
449 68 2
454 177 2
455 85 2
460 143 2
461 105 2
463 33 2
14 415 3
14 423 3
17 295 3
26 238 3
43 264 3
50 332 3
58 288 3
67 276 3
73 363 3
74 375 3
79 456 3
83 380 3
103 78 3
111 48 3
129 92 3
129 446 3
150 234 3
165 118 3
230 337 3
325 462 3
333 459 3
345 128 3
351 453 3
352 216 3
355 193 3
360 292 3
364 100 3
365 82 3
368 251 3
368 313 3
369 214 3
370 228 3
371 128 3
376 93 3
376 169 3
376 180 3
376 352 3
385 323 3
388 390 3
388 401 3
390 253 3
390 368 3
391 203 3
391 225 3
391 235 3
394 324 3
395 422 3
402 203 3
402 265 3
405 130 3
411 163 3
411 411 3
414 131 3
416 176 3
419 348 3
424 254 3
427 410 3
438 361 3
441 40 3
450 329 3
459 46 3
459 454 3
