25 378 1
56 408 1
67 380 1
81 374 1
85 355 1
87 261 1
101 382 1
106 366 1
114 337 1
116 218 1
118 453 1
131 232 1
141 221 1
147 317 1
155 32 1
172 10 1
177 11 1
177 273 1
182 290 1
188 245 1
203 437 1
222 340 1
224 432 1
230 418 1
234 326 1
241 404 1
253 216 1
275 349 1
301 201 1
375 143 1
5 371 2
7 12 2
19 236 2
20 31 2
22 355 2
30 39 2
32 2 2
33 275 2
37 15 2
45 332 2
48 299 2
51 103 2
65 75 2
65 447 2
67 458 2
77 83 2
81 33 2
99 196 2
103 89 2
105 52 2
109 114 2
131 251 2
133 283 2
135 262 2
138 348 2
140 148 2
143 397 2
145 332 2
147 176 2
149 105 2
150 199 2
152 209 2
153 82 2
154 321 2
157 189 2
157 411 2
158 263 2
160 461 2
161 143 2
165 348 2
169 278 2
172 302 2
172 454 2
179 228 2
185 194 2
185 198 2
185 354 2
185 384 2
191 129 2
195 457 2
196 338 2
199 303 2
203 196 2
209 197 2
213 208 2
214 228 2
215 167 2
215 361 2
224 74 2
225 246 2
225 369 2
227 272 2
231 393 2
235 72 2
244 254 2
245 165 2
256 306 2
260 280 2
263 202 2
265 296 2
269 372 2
272 255 2
279 208 2
282 450 2
285 306 2
289 430 2
296 302 2
298 236 2
301 253 2
305 83 2
307 214 2
309 400 2
311 277 2
313 235 2
315 440 2
320 112 2
321 205 2
325 249 2
326 66 2
335 101 2
340 219 2
342 389 2
344 364 2
360 388 2
361 174 2
362 133 2
364 33 2
364 142 2
371 33 2
371 291 2
378 348 2
389 348 2
396 457 2
397 208 2
399 261 2
413 147 2
413 213 2
425 179 2
432 412 2
436 258 2
438 24 2
441 269 2
444 224 2
449 414 2
451 431 2
3 167 3
8 136 3
17 399 3
18 388 3
77 9 3
83 16 3
93 2 3
122 55 3
127 49 3
235 310 3
239 443 3
242 304 3
273 328 3
280 324 3
290 404 3
311 329 3
312 311 3
321 352 3
333 341 3
337 242 3
349 351 3
383 300 3
388 236 3
393 298 3
404 344 3
