3 4 3
8 45 3
8 52 3
12 151 3
12 213 3
14 408 3
15 77 3
18 191 3
20 27 3
22 277 3
25 102 3
28 201 3
33 286 3
36 89 3
36 351 3
39 140 3
40 112 3
41 230 3
44 176 3
47 130 3
47 264 3
52 105 3
53 22 3
56 41 3
56 310 3
65 268 3
67 283 3
68 212 3
70 28 3
71 5 3
72 103 3
75 398 3
81 276 3
83 10 3
84 40 3
85 191 3
86 131 3
87 1 3
89 232 3
90 329 3
92 209 3
94 95 3
99 0 3
103 273 3
104 188 3
106 22 3
106 133 3
107 94 3
109 33 3
120 218 3
120 378 3
121 230 3
126 36 3
127 205 3
128 29 3
128 177 3
130 157 3
130 260 3
131 454 3
132 131 3
133 108 3
134 51 3
145 258 3
154 74 3
154 450 3
162 6 3
170 244 3
171 261 3
172 431 3
181 1 3
183 356 3
186 22 3
189 48 3
192 270 3
193 459 3
197 236 3
203 448 3
210 244 3
212 454 3
215 234 3
223 245 3
231 441 3
235 204 3
236 4 3
242 414 3
248 31 3
252 69 3
254 81 3
262 16 3
265 24 3
269 278 3
274 380 3
278 65 3
278 457 3
279 441 3
281 172 3
282 239 3
282 396 3
289 102 3
292 295 3
297 393 3
298 11 3
298 446 3
306 427 3
308 141 3
308 444 3
310 412 3
312 165 3
315 9 3
315 152 3
318 95 3
319 388 3
320 175 3
321 407 3
322 358 3
324 4 3
325 136 3
325 334 3
327 109 3
330 50 3
332 402 3
336 329 3
343 104 3
343 407 3
350 249 3
351 408 3
357 26 3
357 425 3
358 131 3
362 97 3
364 205 3
365 408 3
366 30 3
369 48 3
370 108 3
373 78 3
376 372 3
377 336 3
381 416 3
382 143 3
384 171 3
388 59 3
388 118 3
390 197 3
395 345 3
398 445 3
400 102 3
400 381 3
402 25 3
402 435 3
403 49 3
403 180 3
404 414 3
406 347 3
407 164 3
407 230 3
407 363 3
409 6 3
416 104 3
416 425 3
417 423 3
421 456 3
422 55 3
424 192 3
427 90 3
428 188 3
432 386 3
440 442 3
442 372 3
443 43 3
444 420 3
454 1 3
456 181 3
459 117 3
461 415 3
