219 149 1
272 101 1
317 9 1
320 242 1
343 186 1
392 169 1
415 261 1
429 260 1
432 2 1
458 95 1
499 320 1
9 114 3
84 148 3
91 171 3
100 5 3
117 25 3
125 3 3
129 79 3
135 50 3
138 102 3
148 85 3
154 14 3
158 44 3
158 200 3
159 115 3
164 328 3
167 124 3
176 117 3
177 98 3
183 105 3
184 336 3
187 332 3
189 98 3
191 14 3
194 30 3
196 139 3
205 124 3
208 137 3
208 327 3
209 27 3
225 94 3
233 341 3
235 420 3
248 118 3
252 409 3
253 6 3
254 380 3
257 164 3
258 172 3
259 76 3
261 339 3
262 51 3
263 325 3
264 87 3
274 7 3
275 34 3
275 199 3
277 334 3
281 43 3
285 147 3
286 391 3
289 1 3
298 456 3
299 156 3
301 137 3
307 360 3
319 109 3
320 359 3
325 392 3
329 18 3
329 105 3
330 81 3
334 27 3
356 417 3
382 204 3
397 224 3
406 9 3
409 71 3
422 137 3
425 55 3
430 117 3
430 161 3
451 292 3
461 218 3
461 304 3
462 40 3
473 498 3
475 85 3
482 324 3
491 105 3
493 158 3
493 253 3
499 243 3
501 258 3
