9 141 1
31 10 1
77 157 1
173 232 1
272 155 1
347 367 1
8 40 2
12 289 2
30 26 2
99 439 2
141 99 2
165 65 2
165 66 2
172 55 2
232 190 2
339 167 2
358 289 2
366 93 2
367 277 2
396 10 2
405 99 2
407 89 2
419 103 2
428 132 2
431 111 2
6 355 3
9 265 3
14 307 3
14 323 3
18 366 3
26 285 3
33 103 3
38 324 3
56 155 3
59 172 3
65 311 3
70 308 3
80 367 3
95 361 3
111 247 3
138 453 3
139 136 3
139 140 3
139 344 3
141 378 3
147 387 3
148 335 3
153 130 3
153 235 3
154 46 3
155 177 3
162 65 3
165 245 3
166 246 3
179 36 3
184 18 3
185 58 3
187 29 3
188 212 3
190 39 3
191 410 3
199 167 3
200 219 3
200 427 3
201 64 3
201 362 3
207 59 3
209 304 3
210 76 3
214 121 3
215 272 3
218 2 3
223 129 3
229 200 3
231 213 3
231 380 3
234 307 3
236 193 3
241 381 3
255 148 3
257 27 3
258 147 3
267 436 3
274 430 3
275 419 3
279 88 3
303 217 3
304 218 3
310 373 3
316 278 3
317 300 3
334 436 3
338 301 3
341 312 3
343 402 3
343 460 3
346 207 3
349 407 3
358 199 3
368 110 3
373 455 3
379 171 3
382 446 3
386 395 3
387 171 3
388 432 3
400 159 3
412 375 3
422 171 3
438 162 3
449 257 3
451 117 3
451 181 3
460 130 3
461 206 3
