4 301 1
5 328 1
12 402 1
19 386 1
31 317 1
38 413 1
41 330 1
41 403 1
46 287 1
55 353 1
58 314 1
60 396 1
60 451 1
66 339 1
67 414 1
71 224 1
77 432 1
79 232 1
83 461 1
87 317 1
89 421 1
91 351 1
92 331 1
93 264 1
97 157 1
101 288 1
105 129 1
105 339 1
108 169 1
108 258 1
109 363 1
113 241 1
114 279 1
115 386 1
116 349 1
117 461 1
120 396 1
124 289 1
128 227 1
128 275 1
128 307 1
130 356 1
130 405 1
132 265 1
134 246 1
138 234 1
138 386 1
140 214 1
150 307 1
152 350 1
155 280 1
157 245 1
157 333 1
162 445 1
169 330 1
171 298 1
180 324 1
201 368 1
207 456 1
210 274 1
210 427 1
215 413 1
233 320 1
237 457 1
242 330 1
261 445 1
263 456 1
281 459 1
283 34 1
283 445 1
290 398 1
292 283 1
297 414 1
318 312 1
322 329 1
355 314 1
366 419 1
371 161 1
373 337 1
376 291 1
389 136 1
392 282 1
392 381 1
417 274 1
417 292 1
417 320 1
432 388 1
453 378 1
457 246 1
1 36 2
5 288 2
6 24 2
8 49 2
9 148 2
14 64 2
14 210 2
16 186 2
17 275 2
21 133 2
26 5 2
26 36 2
26 163 2
28 53 2
30 174 2
31 207 2
33 187 2
36 23 2
36 101 2
36 120 2
49 4 2
49 30 2
57 199 2
59 12 2
72 6 2
74 2 2
77 97 2
78 112 2
81 196 2
82 84 2
108 115 2
116 105 2
122 18 2
122 146 2
126 132 2
127 94 2
129 31 2
134 12 2
134 77 2
143 128 2
146 5 2
149 109 2
150 405 2
154 77 2
155 62 2
165 5 2
169 45 2
174 74 2
176 118 2
183 60 2
185 103 2
187 200 2
192 43 2
195 69 2
195 86 2
196 178 2
200 231 2
201 196 2
202 284 2
204 28 2
205 233 2
213 185 2
217 79 2
218 2 2
220 17 2
220 207 2
221 162 2
223 43 2
225 64 2
230 145 2
232 25 2
233 256 2
233 282 2
234 196 2
235 97 2
238 177 2
240 53 2
242 94 2
244 162 2
245 149 2
246 254 2
248 202 2
255 135 2
261 156 2
263 283 2
264 259 2
266 270 2
267 118 2
274 103 2
274 139 2
274 187 2
275 321 2
277 169 2
281 309 2
283 230 2
287 110 2
291 23 2
291 165 2
292 264 2
298 35 2
301 144 2
302 254 2
302 298 2
321 95 2
322 236 2
325 221 2
328 80 2
336 63 2
336 261 2
341 47 2
341 240 2
345 183 2
347 112 2
349 255 2
350 32 2
350 148 2
350 166 2
358 97 2
360 228 2
361 249 2
367 108 2
368 126 2
373 80 2
376 60 2
377 36 2
386 49 2
391 263 2
399 98 2
400 198 2
402 40 2
403 73 2
405 132 2
405 159 2
406 256 2
409 19 2
411 112 2
413 203 2
417 255 2
419 3 2
421 142 2
431 153 2
432 169 2
433 187 2
437 200 2
6 246 3
9 111 3
12 373 3
25 327 3
25 439 3
27 254 3
32 344 3
35 379 3
41 447 3
47 147 3
50 256 3
51 428 3
54 298 3
55 171 3
58 327 3
59 229 3
73 245 3
73 445 3
74 383 3
75 322 3
76 299 3
79 212 3
82 185 3
83 365 3
91 167 3
92 107 3
103 84 3
105 71 3
118 315 3
123 62 3
138 277 3
138 315 3
140 430 3
141 194 3
148 259 3
150 188 3
156 165 3
158 204 3
162 219 3
165 180 3
168 150 3
175 204 3
175 272 3
178 226 3
189 298 3
191 218 3
194 409 3
195 245 3
200 403 3
202 446 3
203 325 3
210 255 3
212 335 3
219 234 3
227 418 3
229 444 3
233 301 3
243 344 3
261 334 3
274 425 3
276 387 3
296 196 3
311 180 3
315 280 3
316 62 3
318 352 3
330 415 3
336 373 3
341 3 3
348 339 3
355 461 3
356 377 3
368 184 3
377 355 3
379 327 3
388 9 3
395 328 3
401 449 3
402 310 3
409 300 3
414 360 3
417 56 3
417 387 3
419 448 3
426 336 3
433 80 3
438 459 3
440 434 3
448 147 3
452 22 3
457 366 3
