284 328 1
300 489 1
3 477 2
5 89 2
5 368 2
6 222 2
7 125 2
8 19 2
9 57 2
9 139 2
9 446 2
14 42 2
14 110 2
14 390 2
15 7 2
18 482 2
19 209 2
19 267 2
21 84 2
21 357 2
22 223 2
24 435 2
25 25 2
25 312 2
27 169 2
27 451 2
28 13 2
28 63 2
28 472 2
29 102 2
30 184 2
30 303 2
30 403 2
31 132 2
31 279 2
31 385 2
32 313 2
34 251 2
34 341 2
36 35 2
37 454 2
39 218 2
40 73 2
42 149 2
43 16 2
47 121 2
48 257 2
50 313 2
50 482 2
52 293 2
52 392 2
52 453 2
54 78 2
55 224 2
56 190 2
56 326 2
59 126 2
60 16 2
61 54 2
62 347 2
62 461 2
63 106 2
63 257 2
65 177 2
65 358 2
66 88 2
67 154 2
70 75 2
72 29 2
76 139 2
76 191 2
76 229 2
78 291 2
80 49 2
81 6 2
81 87 2
81 157 2
81 256 2
83 125 2
84 360 2
85 429 2
87 296 2
88 208 2
88 343 2
88 385 2
91 141 2
91 448 2
92 19 2
93 256 2
96 235 2
97 356 2
98 44 2
98 420 2
100 290 2
105 213 2
106 382 2
106 436 2
107 20 2
109 256 2
110 54 2
114 68 2
114 163 2
114 236 2
114 479 2
115 360 2
117 425 2
118 300 2
119 198 2
121 85 2
122 266 2
123 435 2
124 215 2
125 4 2
127 13 2
128 166 2
130 51 2
133 128 2
133 292 2
133 424 2
136 92 2
137 476 2
138 37 2
138 375 2
139 154 2
142 318 2
143 4 2
143 190 2
144 102 2
144 171 2
144 402 2
145 68 2
148 16 2
149 270 2
151 229 2
153 380 2
154 46 2
154 127 2
154 157 2
155 400 2
156 76 2
156 336 2
157 478 2
158 9 2
158 91 2
161 287 2
163 142 2
164 222 2
165 383 2
166 100 2
167 29 2
167 342 2
168 303 2
170 168 2
170 431 2
171 277 2
171 452 2
173 246 2
174 384 2
175 478 2
176 420 2
177 157 2
179 53 2
179 296 2
183 20 2
185 432 2
187 88 2
190 119 2
190 262 2
191 164 2
192 473 2
194 418 2
195 32 2
196 185 2
197 77 2
197 294 2
199 270 2
199 456 2
201 407 2
201 486 2
202 167 2
202 202 2
208 303 2
209 31 2
209 86 2
209 262 2
209 350 2
210 436 2
213 147 2
215 71 2
217 121 2
217 383 2
218 447 2
220 208 2
220 267 2
220 315 2
221 158 2
221 355 2
221 471 2
222 91 2
222 289 2
222 490 2
223 74 2
223 302 2
225 432 2
229 7 2
231 32 2
233 237 2
235 379 2
236 109 2
236 447 2
238 406 2
239 460 2
241 121 2
241 314 2
242 189 2
242 209 2
242 334 2
242 358 2
246 262 2
246 276 2
246 306 2
250 239 2
250 478 2
251 64 2
252 86 2
252 369 2
252 387 2
252 421 2
257 287 2
257 319 2
258 118 2
260 278 2
261 162 2
261 372 2
262 200 2
266 343 2
268 79 2
268 100 2
268 432 2
270 465 2
270 478 2
272 30 2
272 151 2
273 302 2
277 450 2
282 215 2
283 85 2
283 204 2
283 293 2
286 22 2
286 172 2
287 136 2
288 64 2
288 482 2
289 353 2
289 389 2
290 154 2
292 125 2
293 270 2
294 231 2
297 6 2
297 312 2
302 28 2
302 198 2
302 214 2
302 459 2
303 173 2
304 418 2
305 132 2
306 121 2
308 50 2
309 20 2
309 71 2
309 284 2
309 355 2
310 470 2
310 483 2
311 336 2
313 172 2
315 97 2
315 135 2
315 154 2
316 214 2
316 296 2
316 435 2
319 311 2
321 38 2
321 71 2
322 372 2
323 122 2
324 330 2
325 268 2
325 451 2
327 395 2
330 236 2
334 355 2
335 459 2
338 276 2
338 371 2
339 333 2
340 28 2
341 125 2
341 152 2
342 251 2
343 4 2
343 98 2
345 395 2
347 50 2
347 67 2
347 265 2
347 425 2
349 288 2
349 347 2
350 82 2
352 166 2
352 223 2
352 365 2
353 312 2
355 100 2
355 136 2
356 451 2
357 20 2
357 236 2
357 435 2
361 455 2
363 260 2
363 344 2
364 56 2
364 197 2
364 276 2
364 360 2
365 179 2
366 401 2
371 205 2
371 289 2
373 480 2
375 20 2
375 64 2
375 409 2
377 159 2
377 360 2
378 105 2
380 269 2
380 326 2
381 181 2
382 35 2
382 435 2
382 449 2
383 208 2
387 11 2
387 53 2
388 224 2
388 287 2
388 354 2
391 378 2
392 216 2
392 323 2
393 437 2
398 192 2
398 456 2
399 377 2
401 58 2
401 251 2
402 25 2
402 226 2
404 476 2
408 234 2
408 426 2
409 403 2
411 289 2
411 358 2
412 45 2
413 150 2
414 169 2
416 256 2
417 137 2
418 21 2
418 86 2
418 316 2
418 386 2
419 157 2
421 411 2
423 67 2
424 424 2
426 264 2
427 198 2
427 477 2
428 142 2
428 358 2
429 49 2
430 102 2
431 458 2
433 126 2
433 219 2
434 275 2
436 27 2
436 254 2
438 426 2
442 205 2
443 266 2
443 395 2
443 410 2
444 458 2
445 154 2
446 184 2
447 488 2
449 104 2
450 281 2
450 314 2
450 354 2
452 20 2
454 378 2
457 224 2
457 394 2
457 466 2
459 451 2
460 301 2
461 126 2
461 359 2
462 3 2
462 187 2
464 209 2
466 68 2
468 385 2
468 434 2
471 10 2
471 424 2
471 467 2
472 135 2
472 257 2
473 456 2
474 288 2
474 306 2
475 216 2
476 335 2
478 22 2
478 324 2
479 115 2
483 66 2
484 158 2
488 218 2
488 333 2
10 415 3
13 241 3
55 353 3
81 268 3
124 183 3
163 358 3
200 391 3
208 128 3
264 133 3
277 279 3
309 262 3
316 235 3
340 390 3
378 389 3
382 420 3
441 464 3
