340 226 1
370 219 1
376 238 1
383 233 1
386 250 1
407 258 1
411 202 1
3 162 2
4 219 2
4 418 2
5 443 2
6 58 2
9 110 2
9 245 2
14 405 2
15 448 2
17 321 2
25 209 2
26 332 2
27 80 2
33 317 2
35 446 2
38 341 2
43 290 2
53 205 2
65 208 2
69 130 2
73 4 2
82 219 2
83 101 2
83 207 2
85 76 2
85 330 2
86 344 2
87 2 2
90 152 2
94 48 2
95 223 2
102 60 2
103 264 2
108 236 2
109 294 2
112 435 2
114 376 2
121 135 2
122 284 2
123 420 2
123 462 2
127 401 2
135 23 2
135 342 2
136 107 2
136 116 2
136 460 2
140 359 2
140 382 2
144 456 2
145 426 2
157 256 2
158 4 2
172 315 2
173 102 2
175 324 2
179 184 2
190 302 2
196 64 2
197 323 2
202 127 2
202 343 2
206 317 2
212 144 2
214 63 2
214 334 2
218 166 2
218 192 2
221 6 2
221 459 2
223 410 2
224 246 2
226 45 2
235 79 2
243 209 2
249 456 2
251 409 2
253 39 2
253 127 2
256 229 2
265 89 2
271 122 2
280 195 2
282 417 2
284 145 2
288 68 2
293 450 2
298 347 2
298 421 2
299 281 2
299 462 2
300 373 2
300 431 2
305 48 2
305 167 2
313 366 2
315 308 2
316 392 2
325 378 2
327 181 2
328 293 2
334 388 2
343 317 2
350 111 2
353 268 2
360 385 2
364 452 2
379 121 2
387 440 2
392 32 2
401 394 2
409 405 2
433 339 2
433 357 2
439 65 2
454 365 2
3 23 3
12 16 3
24 129 3
32 394 3
42 167 3
47 5 3
57 374 3
74 245 3
75 270 3
76 169 3
94 120 3
170 341 3
187 360 3
195 418 3
227 379 3
239 160 3
241 180 3
248 303 3
269 103 3
277 235 3
299 231 3
329 337 3
363 162 3
372 324 3
374 296 3
378 422 3
394 307 3
394 362 3
405 234 3
412 225 3
418 439 3
419 212 3
421 236 3
432 225 3
436 237 3
446 209 3
448 30 3
452 302 3
