1 391 2
2 142 2
2 185 2
2 203 2
4 165 2
5 116 2
5 302 2
5 437 2
6 417 2
7 463 2
11 67 2
11 344 2
13 53 2
13 237 2
14 90 2
14 393 2
16 33 2
16 186 2
19 273 2
21 156 2
21 256 2
22 122 2
22 316 2
24 138 2
24 416 2
24 437 2
28 380 2
29 2 2
29 205 2
30 101 2
32 407 2
33 73 2
33 354 2
36 448 2
38 287 2
41 461 2
42 18 2
43 88 2
43 315 2
43 368 2
47 239 2
48 152 2
49 329 2
50 169 2
50 267 2
54 4 2
54 285 2
54 304 2
55 135 2
55 257 2
58 104 2
62 205 2
65 332 2
67 413 2
67 447 2
68 396 2
72 281 2
73 255 2
73 310 2
75 72 2
75 292 2
75 461 2
76 22 2
76 431 2
78 153 2
80 342 2
81 206 2
83 59 2
83 171 2
84 229 2
87 0 2
89 126 2
89 364 2
90 301 2
90 411 2
92 20 2
92 75 2
93 319 2
95 450 2
98 339 2
99 61 2
99 295 2
101 45 2
103 273 2
105 8 2
105 231 2
107 81 2
107 433 2
108 124 2
108 255 2
109 99 2
110 389 2
111 321 2
116 58 2
116 173 2
116 211 2
119 294 2
120 375 2
120 450 2
121 462 2
122 317 2
124 112 2
126 91 2
126 161 2
127 5 2
127 191 2
128 276 2
129 256 2
130 228 2
132 208 2
133 46 2
133 393 2
135 66 2
136 442 2
137 25 2
137 354 2
141 85 2
146 287 2
148 236 2
149 124 2
149 212 2
150 401 2
151 8 2
151 30 2
151 173 2
151 325 2
152 263 2
154 50 2
155 217 2
159 244 2
159 447 2
161 303 2
164 425 2
166 191 2
166 344 2
169 158 2
170 11 2
170 59 2
171 128 2
172 278 2
173 214 2
174 368 2
176 32 2
176 79 2
183 463 2
184 293 2
184 333 2
185 1 2
185 176 2
193 308 2
194 363 2
196 91 2
196 134 2
196 403 2
199 233 2
201 42 2
202 447 2
203 102 2
203 209 2
203 323 2
203 381 2
204 342 2
206 64 2
209 13 2
213 244 2
215 190 2
215 259 2
215 462 2
216 354 2
217 132 2
217 292 2
218 96 2
220 220 2
221 83 2
227 117 2
228 49 2
230 359 2
232 273 2
234 15 2
234 160 2
237 167 2
240 453 2
244 34 2
244 82 2
249 333 2
252 374 2
253 349 2
254 295 2
255 61 2
256 201 2
256 449 2
257 157 2
258 277 2
259 10 2
259 310 2
261 218 2
262 208 2
263 178 2
267 252 2
268 86 2
269 459 2
272 260 2
273 47 2
273 199 2
273 330 2
274 229 2
277 9 2
278 340 2
279 428 2
280 138 2
281 344 2
283 385 2
284 228 2
285 97 2
285 118 2
285 279 2
286 184 2
286 355 2
287 15 2
290 446 2
292 162 2
292 464 2
293 29 2
297 249 2
298 124 2
298 411 2
301 47 2
301 286 2
304 317 2
307 456 2
308 266 2
311 109 2
311 300 2
311 337 2
311 363 2
314 84 2
315 164 2
316 403 2
318 64 2
319 20 2
320 225 2
321 2 2
322 197 2
329 437 2
334 386 2
335 368 2
336 319 2
337 15 2
340 44 2
340 132 2
341 177 2
342 463 2
343 275 2
344 209 2
345 405 2
346 255 2
349 440 2
350 58 2
353 163 2
353 327 2
354 229 2
358 3 2
359 295 2
359 453 2
361 73 2
361 424 2
363 179 2
364 26 2
364 123 2
365 383 2
369 144 2
372 55 2
372 441 2
375 300 2
376 409 2
376 460 2
377 7 2
377 362 2
381 35 2
381 228 2
382 80 2
383 284 2
383 341 2
388 159 2
390 311 2
391 175 2
393 197 2
393 247 2
393 433 2
396 397 2
399 290 2
400 19 2
400 227 2
401 450 2
402 135 2
402 150 2
412 113 2
414 282 2
417 80 2
417 135 2
418 11 2
418 453 2
419 444 2
422 202 2
423 4 2
424 56 2
429 25 2
429 165 2
430 180 2
431 223 2
431 412 2
432 124 2
433 255 2
433 447 2
434 275 2
435 93 2
438 246 2
438 302 2
440 137 2
443 13 2
444 154 2
446 319 2
446 364 2
447 456 2
449 175 2
449 205 2
449 392 2
452 77 2
457 98 2
458 383 2
459 155 2
459 304 2
459 324 2
460 215 2
461 13 2
461 401 2
33 27 3
54 215 3
65 36 3
69 6 3
225 439 3
238 424 3
240 234 3
250 404 3
252 233 3
256 262 3
259 411 3
323 121 3
324 331 3
325 282 3
351 352 3
389 103 3
395 338 3
399 359 3
413 315 3
423 373 3
449 409 3
451 341 3
