195 259 1
198 38 1
203 277 1
232 302 1
233 234 1
234 43 1
238 290 1
251 287 1
270 232 1
275 466 1
277 130 1
297 12 1
297 48 1
300 139 1
307 17 1
311 303 1
313 185 1
328 61 1
338 49 1
339 165 1
348 149 1
349 8 1
355 29 1
359 3 1
362 107 1
372 150 1
384 190 1
385 38 1
385 156 1
385 246 1
387 116 1
391 136 1
391 233 1
392 182 1
398 193 1
401 166 1
404 136 1
411 177 1
412 205 1
416 101 1
417 34 1
418 78 1
421 183 1
423 131 1
425 147 1
432 74 1
432 97 1
440 81 1
440 215 1
441 108 1
444 125 1
444 155 1
445 65 1
449 57 1
457 146 1
458 189 1
459 55 1
471 106 1
472 77 1
472 266 1
474 89 1
475 320 1
477 100 1
479 280 1
488 336 1
489 296 1
10 249 2
23 229 2
100 217 2
114 235 2
119 115 2
119 222 2
122 134 2
130 146 2
130 232 2
131 232 2
131 293 2
132 99 2
134 272 2
140 159 2
148 88 2
149 295 2
149 328 2
153 347 2
154 147 2
169 75 2
169 170 2
170 338 2
180 155 2
182 50 2
185 6 2
186 82 2
192 153 2
195 342 2
198 95 2
199 394 2
204 379 2
206 112 2
207 415 2
208 137 2
208 355 2
210 403 2
217 121 2
218 395 2
219 431 2
220 100 2
222 359 2
223 140 2
231 418 2
236 362 2
240 198 2
242 167 2
242 182 2
242 378 2
245 274 2
250 324 2
253 205 2
262 163 2
262 324 2
272 308 2
276 279 2
277 264 2
278 296 2
291 410 2
301 389 2
312 471 2
313 222 2
313 398 2
314 378 2
317 446 2
319 206 2
320 362 2
322 150 2
325 381 2
329 418 2
329 471 2
333 341 2
338 441 2
347 180 2
348 198 2
348 362 2
348 372 2
352 164 2
360 372 2
367 362 2
369 339 2
382 374 2
383 389 2
390 332 2
398 389 2
410 385 2
419 373 2
469 439 2
488 380 2
5 315 3
12 435 3
23 67 3
34 339 3
47 67 3
64 284 3
70 401 3
78 260 3
91 473 3
102 288 3
104 90 3
108 36 3
109 187 3
197 210 3
199 247 3
208 225 3
209 183 3
210 461 3
233 257 3
242 96 3
248 82 3
259 63 3
294 74 3
298 128 3
320 193 3
335 27 3
338 254 3
353 66 3
373 69 3
375 9 3
393 359 3
394 16 3
394 373 3
399 270 3
417 141 3
427 58 3
430 180 3
436 414 3
437 34 3
446 175 3
447 395 3
448 236 3
448 299 3
451 488 3
452 402 3
458 453 3
460 322 3
461 30 3
461 349 3
466 468 3
466 485 3
472 245 3
476 486 3
480 137 3
484 415 3
485 21 3
487 278 3
