6 292 1
134 274 1
332 113 1
355 15 1
361 3 1
413 56 1
6 154 2
9 114 2
14 61 2
19 414 2
23 119 2
26 177 2
27 431 2
36 105 2
37 150 2
39 353 2
40 48 2
43 214 2
45 90 2
45 457 2
46 439 2
49 328 2
49 378 2
49 407 2
50 152 2
50 205 2
56 471 2
57 29 2
57 135 2
60 210 2
62 295 2
63 321 2
66 114 2
67 428 2
69 461 2
70 290 2
71 328 2
73 231 2
73 245 2
74 100 2
78 303 2
79 463 2
80 272 2
81 174 2
81 385 2
82 436 2
83 154 2
84 455 2
89 53 2
90 343 2
94 89 2
95 397 2
99 77 2
100 145 2
100 265 2
102 424 2
103 175 2
104 319 2
106 297 2
108 131 2
108 347 2
110 19 2
111 252 2
114 415 2
116 68 2
116 230 2
116 376 2
119 122 2
119 212 2
124 491 2
125 6 2
129 293 2
135 370 2
136 164 2
137 315 2
140 197 2
142 126 2
143 360 2
147 146 2
152 436 2
153 181 2
154 135 2
155 290 2
155 410 2
160 257 2
162 167 2
163 321 2
164 355 2
166 89 2
170 278 2
176 245 2
176 499 2
179 483 2
181 132 2
181 402 2
187 275 2
188 231 2
190 61 2
193 152 2
194 476 2
196 76 2
196 345 2
198 117 2
202 385 2
204 126 2
205 253 2
206 49 2
206 501 2
207 214 2
212 344 2
214 108 2
214 466 2
216 89 2
216 143 2
217 245 2
217 259 2
219 166 2
220 197 2
221 34 2
221 281 2
227 134 2
227 449 2
228 154 2
229 77 2
231 347 2
231 464 2
234 61 2
236 480 2
238 10 2
242 251 2
244 50 2
244 129 2
244 438 2
245 173 2
250 68 2
250 142 2
252 475 2
256 223 2
256 452 2
256 488 2
257 48 2
257 160 2
258 23 2
258 104 2
258 353 2
260 251 2
261 120 2
264 88 2
264 309 2
264 333 2
266 371 2
268 288 2
276 151 2
277 90 2
278 129 2
280 354 2
283 17 2
283 248 2
286 79 2
289 274 2
291 177 2
299 262 2
300 60 2
304 287 2
307 203 2
308 39 2
315 236 2
316 195 2
317 211 2
318 51 2
322 289 2
328 139 2
338 201 2
338 273 2
340 165 2
349 222 2
352 144 2
358 83 2
361 171 2
363 143 2
367 190 2
370 80 2
375 149 2
377 230 2
378 328 2
379 287 2
379 496 2
380 359 2
381 369 2
383 171 2
385 75 2
388 25 2
388 264 2
399 8 2
399 300 2
399 384 2
402 73 2
402 251 2
403 265 2
406 195 2
408 133 2
410 343 2
413 474 2
415 99 2
417 291 2
418 261 2
419 17 2
422 181 2
432 164 2
434 12 2
435 285 2
436 489 2
437 222 2
441 34 2
441 453 2
442 137 2
446 407 2
449 117 2
452 489 2
454 296 2
459 250 2
460 102 2
461 86 2
463 417 2
464 11 2
464 438 2
464 459 2
467 27 2
472 286 2
485 153 2
485 229 2
489 379 2
493 257 2
494 202 2
496 97 2
497 118 2
498 186 2
501 480 2
504 401 2
93 230 3
138 83 3
142 100 3
151 226 3
158 64 3
164 45 3
183 212 3
194 315 3
205 302 3
213 401 3
221 226 3
231 110 3
241 381 3
270 265 3
291 404 3
292 333 3
294 413 3
299 424 3
300 378 3
303 493 3
306 435 3
309 407 3
311 464 3
312 379 3
315 410 3
318 331 3
321 420 3
321 445 3
322 399 3
326 429 3
348 445 3
359 435 3
363 445 3
373 256 3
380 432 3
381 440 3
400 426 3
432 411 3
440 374 3
470 219 3
480 331 3
494 350 3
