14 404 1
19 62 1
69 2 1
106 10 1
125 62 1
132 72 1
135 58 1
135 81 1
135 154 1
150 8 1
151 84 1
154 26 1
159 87 1
181 96 1
188 106 1
194 177 1
203 177 1
223 49 1
226 127 1
229 97 1
231 107 1
341 483 1
392 459 1
416 464 1
449 50 1
1 259 2
2 167 2
2 320 2
4 419 2
4 435 2
4 453 2
5 217 2
5 291 2
6 200 2
8 241 2
8 479 2
9 145 2
12 265 2
12 275 2
13 385 2
15 464 2
18 189 2
18 335 2
19 130 2
19 294 2
21 440 2
22 220 2
22 281 2
22 369 2
22 415 2
23 308 2
23 348 2
25 258 2
26 486 2
28 461 2
30 178 2
30 397 2
34 384 2
35 361 2
35 501 2
37 276 2
38 237 2
39 472 2
41 263 2
45 287 2
45 322 2
45 348 2
47 191 2
48 177 2
49 398 2
50 206 2
51 307 2
52 248 2
52 466 2
55 367 2
57 343 2
61 479 2
62 292 2
62 417 2
64 271 2
64 405 2
67 256 2
67 493 2
68 383 2
70 216 2
70 430 2
70 448 2
73 348 2
74 406 2
76 301 2
78 335 2
78 480 2
81 492 2
83 466 2
84 368 2
87 206 2
88 430 2
89 352 2
94 499 2
95 216 2
96 259 2
98 460 2
100 205 2
102 247 2
102 329 2
103 313 2
103 436 2
104 288 2
110 212 2
110 381 2
110 454 2
112 350 2
112 472 2
114 238 2
115 316 2
115 424 2
116 265 2
118 220 2
118 337 2
121 396 2
122 496 2
124 357 2
124 452 2
124 480 2
128 227 2
129 239 2
129 273 2
134 259 2
136 493 2
139 391 2
139 413 2
141 230 2
141 458 2
143 249 2
144 469 2
145 427 2
147 346 2
147 371 2
148 445 2
150 302 2
151 250 2
153 277 2
153 315 2
159 436 2
162 365 2
163 301 2
163 417 2
164 494 2
165 257 2
165 318 2
170 230 2
170 389 2
173 449 2
179 241 2
180 434 2
181 278 2
181 314 2
184 364 2
185 472 2
186 259 2
189 483 2
189 495 2
191 405 2
194 454 2
199 333 2
201 476 2
204 462 2
206 489 2
207 387 2
208 415 2
208 447 2
210 346 2
217 275 2
218 371 2
219 258 2
220 295 2
222 466 2
223 447 2
224 385 2
224 486 2
225 398 2
225 499 2
226 429 2
227 319 2
230 416 2
232 262 2
232 484 2
234 337 2
237 247 2
239 384 2
243 317 2
245 342 2
245 497 2
247 459 2
248 288 2
249 400 2
250 431 2
255 331 2
256 246 2
257 356 2
260 287 2
265 249 2
267 372 2
267 496 2
269 271 2
271 290 2
273 410 2
273 454 2
278 253 2
279 335 2
281 425 2
282 472 2
284 485 2
287 238 2
287 377 2
288 267 2
289 355 2
293 41 2
294 18 2
294 465 2
295 431 2
297 313 2
297 364 2
298 443 2
299 397 2
300 226 2
300 342 2
305 69 2
306 457 2
307 263 2
309 11 2
312 181 2
315 443 2
316 65 2
319 31 2
319 349 2
322 100 2
323 404 2
325 15 2
326 271 2
326 396 2
327 45 2
327 146 2
328 212 2
329 244 2
329 334 2
330 415 2
331 71 2
331 87 2
331 113 2
331 184 2
332 283 2
338 322 2
340 173 2
341 50 2
341 134 2
341 301 2
342 149 2
343 85 2
343 162 2
344 343 2
344 355 2
344 375 2
345 263 2
346 233 2
347 397 2
348 108 2
352 75 2
354 297 2
354 314 2
355 60 2
355 412 2
356 21 2
357 158 2
357 368 2
361 224 2
363 130 2
363 398 2
364 51 2
364 278 2
364 312 2
365 171 2
365 244 2
365 342 2
371 88 2
371 292 2
372 112 2
373 408 2
374 140 2
375 358 2
375 379 2
377 74 2
378 184 2
378 271 2
380 31 2
381 238 2
381 307 2
382 339 2
383 61 2
383 255 2
384 367 2
388 87 2
388 354 2
389 120 2
389 202 2
389 320 2
390 10 2
390 305 2
390 407 2
392 390 2
393 219 2
396 235 2
397 333 2
398 71 2
399 100 2
401 372 2
403 392 2
405 84 2
405 145 2
406 346 2
406 406 2
407 186 2
408 321 2
411 7 2
412 54 2
413 21 2
414 138 2
415 165 2
415 427 2
418 41 2
418 417 2
419 79 2
419 176 2
420 66 2
420 236 2
422 201 2
422 345 2
424 91 2
424 128 2
424 387 2
428 253 2
430 32 2
430 75 2
430 222 2
430 319 2
431 333 2
434 427 2
435 371 2
435 439 2
437 85 2
438 7 2
440 57 2
440 288 2
441 410 2
442 28 2
444 275 2
445 385 2
446 198 2
446 431 2
447 169 2
448 341 2
449 229 2
449 315 2
452 149 2
453 328 2
454 22 2
454 352 2
456 63 2
457 132 2
460 255 2
460 274 2
461 92 2
461 188 2
463 378 2
464 309 2
467 354 2
468 167 2
468 477 2
469 324 2
470 256 2
470 281 2
470 402 2
470 451 2
471 143 2
474 32 2
475 5 2
475 320 2
475 336 2
476 62 2
476 205 2
476 303 2
477 133 2
477 181 2
477 229 2
478 88 2
480 259 2
480 355 2
481 485 2
482 378 2
483 107 2
486 329 2
486 469 2
488 309 2
489 186 2
489 388 2
490 498 2
494 152 2
494 161 2
495 440 2
496 377 2
497 33 2
497 130 2
497 344 2
498 273 2
499 93 2
499 355 2
500 173 2
500 494 2
501 48 2
501 225 2
502 305 2
502 328 2
502 422 2
503 403 2
503 480 2
504 18 2
504 121 2
2 53 3
9 26 3
10 95 3
17 80 3
22 106 3
32 100 3
32 115 3
33 72 3
35 43 3
36 160 3
47 50 3
56 10 3
58 97 3
65 14 3
66 94 3
67 124 3
69 64 3
69 77 3
75 44 3
76 21 3
78 106 3
83 55 3
84 141 3
86 121 3
87 43 3
90 23 3
91 82 3
94 3 3
94 54 3
102 91 3
104 111 3
104 160 3
105 63 3
108 194 3
109 32 3
109 120 3
115 103 3
118 96 3
119 54 3
119 117 3
123 131 3
126 101 3
126 147 3
126 163 3
126 175 3
129 40 3
129 183 3
130 115 3
132 91 3
136 188 3
140 123 3
140 201 3
141 169 3
142 138 3
145 204 3
149 113 3
150 36 3
151 101 3
152 54 3
152 64 3
152 149 3
154 126 3
156 205 3
159 144 3
162 190 3
163 135 3
164 40 3
164 57 3
164 169 3
164 179 3
168 105 3
174 149 3
175 75 3
176 165 3
179 17 3
179 129 3
179 194 3
181 30 3
183 117 3
186 138 3
188 292 3
195 90 3
195 297 3
196 36 3
198 225 3
199 122 3
200 194 3
201 218 3
202 152 3
203 81 3
205 309 3
208 134 3
209 22 3
210 107 3
211 37 3
217 110 3
218 29 3
218 203 3
219 218 3
221 163 3
222 152 3
224 82 3
225 459 3
226 175 3
227 138 3
228 65 3
230 169 3
231 216 3
235 230 3
237 98 3
238 168 3
239 193 3
241 155 3
242 70 3
246 446 3
247 191 3
249 24 3
254 216 3
259 475 3
260 107 3
262 120 3
267 86 3
268 16 3
269 130 3
271 190 3
273 149 3
274 220 3
275 76 3
278 102 3
278 121 3
278 134 3
281 58 3
295 165 3
303 166 3
306 104 3
307 127 3
328 224 3
345 19 3
349 485 3
357 439 3
358 494 3
362 470 3
367 454 3
371 460 3
375 434 3
384 451 3
385 491 3
386 442 3
401 134 3
406 366 3
412 275 3
415 481 3
423 108 3
426 498 3
427 363 3
