218 47 1
11 455 3
15 334 3
18 442 3
19 346 3
20 284 3
21 305 3
23 373 3
24 464 3
26 233 3
34 406 3
78 151 3
92 339 3
92 432 3
94 322 3
99 317 3
117 344 3
131 310 3
133 309 3
139 115 3
140 378 3
141 230 3
148 162 3
152 364 3
152 384 3
155 151 3
156 176 3
156 177 3
157 283 3
160 74 3
160 142 3
161 253 3
162 323 3
165 220 3
166 169 3
168 285 3
172 73 3
172 202 3
173 90 3
174 56 3
174 260 3
180 323 3
183 65 3
183 361 3
184 299 3
196 155 3
199 65 3
202 169 3
205 137 3
211 362 3
213 399 3
216 9 3
221 117 3
237 124 3
245 54 3
245 133 3
246 63 3
248 143 3
251 225 3
253 218 3
259 212 3
259 371 3
265 143 3
268 49 3
271 361 3
271 369 3
272 136 3
274 352 3
303 164 3
314 225 3
326 201 3
327 52 3
341 212 3
346 242 3
360 271 3
367 315 3
371 276 3
377 259 3
379 302 3
391 303 3
412 336 3
429 387 3
433 333 3
437 365 3
449 362 3
452 391 3
453 93 3
455 372 3
461 381 3
470 430 3
484 418 3
487 214 3
487 387 3
488 191 3
488 425 3
