287 133 1
0 228 2
3 55 2
3 294 2
4 44 2
4 86 2
4 329 2
4 410 2
6 70 2
8 344 2
11 309 2
16 236 2
18 205 2
21 140 2
22 417 2
27 37 2
31 19 2
31 255 2
32 273 2
38 232 2
39 345 2
44 17 2
45 55 2
46 402 2
51 149 2
54 84 2
57 3 2
58 460 2
64 384 2
66 122 2
80 17 2
82 374 2
83 222 2
86 62 2
86 192 2
86 302 2
89 386 2
95 256 2
98 375 2
101 130 2
102 90 2
103 239 2
105 343 2
106 407 2
107 4 2
111 212 2
113 431 2
114 73 2
116 205 2
122 315 2
126 169 2
130 75 2
136 461 2
137 333 2
139 289 2
146 453 2
150 20 2
150 29 2
153 261 2
153 323 2
164 7 2
166 63 2
168 310 2
168 359 2
170 284 2
171 31 2
172 426 2
173 449 2
176 338 2
179 91 2
179 234 2
183 34 2
183 115 2
183 150 2
186 291 2
189 131 2
189 347 2
192 408 2
192 418 2
198 259 2
200 429 2
205 17 2
211 31 2
212 239 2
216 213 2
216 342 2
216 367 2
225 23 2
226 332 2
230 71 2
234 117 2
244 370 2
246 9 2
246 297 2
247 391 2
250 409 2
254 85 2
255 168 2
258 421 2
263 129 2
264 73 2
267 97 2
269 322 2
270 177 2
276 256 2
282 193 2
290 412 2
293 47 2
295 453 2
297 62 2
297 281 2
300 302 2
303 132 2
305 328 2
307 45 2
307 227 2
308 276 2
309 120 2
309 343 2
309 441 2
311 300 2
315 461 2
318 265 2
320 150 2
322 315 2
323 79 2
323 451 2
326 461 2
327 336 2
329 243 2
331 265 2
335 296 2
339 402 2
341 89 2
344 12 2
344 220 2
345 169 2
350 279 2
353 153 2
354 141 2
355 92 2
356 3 2
357 252 2
359 41 2
368 210 2
371 113 2
379 256 2
383 41 2
383 102 2
385 448 2
386 78 2
391 54 2
391 396 2
395 247 2
398 120 2
399 11 2
400 230 2
403 38 2
404 296 2
406 238 2
406 374 2
407 101 2
410 409 2
415 169 2
415 218 2
416 136 2
425 267 2
428 61 2
432 214 2
432 321 2
433 251 2
435 286 2
439 461 2
441 261 2
446 29 2
451 438 2
452 53 2
452 383 2
454 236 2
457 324 2
462 9 2
71 171 3
141 204 3
162 171 3
165 126 3
169 136 3
172 185 3
244 447 3
253 452 3
356 377 3
367 393 3
403 330 3
438 302 3
