114 285 1
181 291 1
207 22 1
417 35 1
1 451 2
3 97 2
4 158 2
4 237 2
7 133 2
8 114 2
8 171 2
8 270 2
12 86 2
13 229 2
13 450 2
15 254 2
18 96 2
18 142 2
19 477 2
23 120 2
23 242 2
23 284 2
25 76 2
25 499 2
27 148 2
28 130 2
29 482 2
30 63 2
31 109 2
33 93 2
35 270 2
36 288 2
38 52 2
38 435 2
39 139 2
39 468 2
40 74 2
41 235 2
43 206 2
43 493 2
45 123 2
45 254 2
50 223 2
51 295 2
51 473 2
54 41 2
55 501 2
57 206 2
57 274 2
59 248 2
59 449 2
60 136 2
62 121 2
63 105 2
64 89 2
67 77 2
67 289 2
68 212 2
68 466 2
71 23 2
71 53 2
71 129 2
72 224 2
72 301 2
73 259 2
74 315 2
75 237 2
76 113 2
76 473 2
81 76 2
82 207 2
82 289 2
83 3 2
83 276 2
85 36 2
88 256 2
90 90 2
90 477 2
91 200 2
92 288 2
97 492 2
99 77 2
104 121 2
106 57 2
107 201 2
108 31 2
108 295 2
108 317 2
112 3 2
112 247 2
113 269 2
114 479 2
117 15 2
117 500 2
120 213 2
121 229 2
124 241 2
128 489 2
129 256 2
131 198 2
132 11 2
136 478 2
139 150 2
139 211 2
139 224 2
144 244 2
147 117 2
147 178 2
149 208 2
153 497 2
156 94 2
158 127 2
159 192 2
160 163 2
160 260 2
161 74 2
164 116 2
166 50 2
166 177 2
167 140 2
170 4 2
174 123 2
174 169 2
175 88 2
177 73 2
177 101 2
178 200 2
181 339 2
182 20 2
182 155 2
183 5 2
187 266 2
188 255 2
191 31 2
191 41 2
191 147 2
192 203 2
193 176 2
196 365 2
197 349 2
199 245 2
200 115 2
201 99 2
201 257 2
201 328 2
202 271 2
207 9 2
207 138 2
207 364 2
208 180 2
208 224 2
208 310 2
208 355 2
209 195 2
209 286 2
210 125 2
210 373 2
211 161 2
212 80 2
215 39 2
217 29 2
217 55 2
217 264 2
217 339 2
217 365 2
218 387 2
220 17 2
220 320 2
221 112 2
221 228 2
221 244 2
222 95 2
222 300 2
225 123 2
225 214 2
227 77 2
227 190 2
227 355 2
228 42 2
230 24 2
230 369 2
231 270 2
232 285 2
234 4 2
238 341 2
238 362 2
240 297 2
241 375 2
246 239 2
247 255 2
247 305 2
248 153 2
248 170 2
248 323 2
249 282 2
249 353 2
252 266 2
253 136 2
254 380 2
255 110 2
257 190 2
258 212 2
259 92 2
260 43 2
260 78 2
264 294 2
266 56 2
268 366 2
270 122 2
270 323 2
270 420 2
271 40 2
277 193 2
277 305 2
278 3 2
278 230 2
278 291 2
279 350 2
281 16 2
281 95 2
281 219 2
282 457 2
283 175 2
284 53 2
286 321 2
287 109 2
288 83 2
288 154 2
289 120 2
289 297 2
290 24 2
291 342 2
294 76 2
295 8 2
296 206 2
298 184 2
299 59 2
301 311 2
302 137 2
306 41 2
307 164 2
307 454 2
308 280 2
308 330 2
309 348 2
312 15 2
312 27 2
312 70 2
312 85 2
312 112 2
312 125 2
314 175 2
315 55 2
316 4 2
319 142 2
319 268 2
322 157 2
323 101 2
324 302 2
326 241 2
327 353 2
328 284 2
330 331 2
331 38 2
332 13 2
332 119 2
336 264 2
337 372 2
340 254 2
341 364 2
342 404 2
346 24 2
347 125 2
348 161 2
348 298 2
350 354 2
351 145 2
352 243 2
353 274 2
353 332 2
355 92 2
357 82 2
358 109 2
358 211 2
362 189 2
362 302 2
363 74 2
364 121 2
364 367 2
365 18 2
365 287 2
365 352 2
366 5 2
367 339 2
370 49 2
370 96 2
371 312 2
372 360 2
374 85 2
376 26 2
376 147 2
377 187 2
379 277 2
380 132 2
380 330 2
381 305 2
383 156 2
385 482 2
387 35 2
387 50 2
387 298 2
387 386 2
389 75 2
389 111 2
390 14 2
392 86 2
393 164 2
395 289 2
397 359 2
398 190 2
400 275 2
404 247 2
407 226 2
408 50 2
409 163 2
409 487 2
410 79 2
413 63 2
413 257 2
414 202 2
416 135 2
416 178 2
416 352 2
416 482 2
422 13 2
422 221 2
424 246 2
425 120 2
429 91 2
429 203 2
434 71 2
436 42 2
438 107 2
438 134 2
438 165 2
439 185 2
441 84 2
441 212 2
442 8 2
442 147 2
446 54 2
448 96 2
448 201 2
449 247 2
450 264 2
452 166 2
453 66 2
455 153 2
457 79 2
459 43 2
461 237 2
462 28 2
463 191 2
466 68 2
467 14 2
467 99 2
469 126 2
470 162 2
473 111 2
473 224 2
474 384 2
475 59 2
475 144 2
475 495 2
478 38 2
482 21 2
483 84 2
483 480 2
485 264 2
487 173 2
488 247 2
488 373 2
488 390 2
490 9 2
490 192 2
490 432 2
492 110 2
492 126 2
492 491 2
494 445 2
494 467 2
495 324 2
496 97 2
498 34 2
498 204 2
498 236 2
498 273 2
498 413 2
498 459 2
499 47 2
500 63 2
500 256 2
501 72 2
501 394 2
502 213 2
502 373 2
2 212 3
7 379 3
8 198 3
8 406 3
10 354 3
17 435 3
23 29 3
24 185 3
28 314 3
31 171 3
36 393 3
37 156 3
41 9 3
41 27 3
43 384 3
51 171 3
53 338 3
64 392 3
83 393 3
89 230 3
95 137 3
95 382 3
100 229 3
101 90 3
109 363 3
113 371 3
120 406 3
124 326 3
125 98 3
125 123 3
126 281 3
129 47 3
129 136 3
132 462 3
133 325 3
134 386 3
135 109 3
136 278 3
139 288 3
143 373 3
144 64 3
146 285 3
150 433 3
151 414 3
152 13 3
156 406 3
162 476 3
163 311 3
166 369 3
168 394 3
171 419 3
172 386 3
179 380 3
180 323 3
187 408 3
193 446 3
204 409 3
206 435 3
209 469 3
211 487 3
225 418 3
228 152 3
234 122 3
236 130 3
237 485 3
244 474 3
251 456 3
282 489 3
284 396 3
287 499 3
298 381 3
301 256 3
303 406 3
313 495 3
325 442 3
336 498 3
337 485 3
347 433 3
358 489 3
363 430 3
368 396 3
375 417 3
388 443 3
405 423 3
407 440 3
410 328 3
412 396 3
412 411 3
416 456 3
419 381 3
422 321 3
423 451 3
430 323 3
430 344 3
433 300 3
437 450 3
439 366 3
441 481 3
445 316 3
454 388 3
456 334 3
456 352 3
462 310 3
473 360 3
475 332 3
484 316 3
499 309 3
