1 326 2
1 346 2
2 168 2
2 234 2
2 444 2
4 207 2
4 382 2
5 91 2
7 28 2
9 44 2
10 289 2
13 251 2
15 319 2
16 275 2
18 12 2
18 335 2
19 197 2
20 48 2
20 115 2
21 130 2
22 169 2
23 34 2
25 358 2
27 213 2
29 255 2
32 430 2
33 278 2
34 320 2
34 359 2
36 11 2
39 380 2
40 112 2
40 136 2
40 233 2
44 259 2
45 405 2
46 50 2
49 158 2
51 340 2
52 305 2
52 453 2
53 284 2
53 392 2
53 426 2
56 220 2
64 355 2
72 400 2
74 331 2
78 100 2
82 70 2
82 87 2
84 48 2
90 28 2
95 185 2
95 221 2
95 238 2
99 10 2
100 377 2
101 100 2
102 211 2
103 271 2
103 354 2
105 39 2
105 82 2
105 340 2
105 398 2
106 122 2
107 251 2
107 427 2
108 452 2
112 230 2
113 51 2
113 271 2
116 310 2
118 458 2
123 185 2
125 296 2
125 441 2
127 20 2
128 104 2
128 401 2
131 204 2
134 160 2
135 351 2
135 426 2
136 313 2
138 257 2
139 61 2
139 142 2
139 244 2
140 184 2
142 284 2
144 114 2
144 377 2
147 161 2
151 6 2
151 229 2
153 28 2
155 423 2
157 206 2
158 334 2
158 393 2
159 130 2
162 110 2
163 267 2
168 356 2
168 416 2
170 84 2
173 231 2
176 142 2
176 258 2
176 306 2
180 329 2
182 159 2
183 460 2
194 271 2
198 134 2
202 341 2
203 85 2
203 222 2
204 399 2
210 150 2
211 449 2
212 280 2
212 294 2
215 358 2
216 415 2
218 196 2
220 30 2
223 170 2
223 460 2
225 219 2
225 385 2
227 10 2
237 88 2
237 460 2
238 240 2
238 331 2
239 133 2
241 418 2
241 438 2
242 49 2
242 196 2
243 267 2
245 391 2
248 221 2
248 456 2
252 2 2
254 22 2
254 137 2
256 81 2
257 254 2
261 52 2
261 310 2
261 432 2
268 286 2
270 87 2
275 36 2
275 147 2
276 53 2
276 382 2
276 409 2
277 355 2
278 102 2
279 162 2
279 266 2
280 2 2
283 15 2
285 70 2
286 192 2
287 433 2
290 152 2
293 117 2
293 307 2
296 251 2
299 283 2
300 62 2
301 102 2
301 350 2
306 85 2
306 323 2
313 211 2
313 228 2
314 337 2
317 7 2
317 34 2
321 262 2
323 81 2
325 164 2
329 52 2
329 308 2
331 413 2
339 194 2
341 99 2
341 245 2
346 116 2
346 175 2
348 279 2
349 316 2
350 364 2
352 400 2
353 139 2
354 62 2
355 4 2
356 240 2
356 375 2
357 199 2
360 169 2
361 117 2
364 107 2
367 41 2
369 222 2
371 288 2
371 361 2
374 255 2
374 322 2
375 121 2
375 393 2
380 84 2
380 177 2
384 19 2
387 187 2
389 35 2
391 67 2
393 83 2
393 263 2
395 317 2
395 385 2
400 336 2
400 362 2
401 288 2
402 169 2
405 23 2
405 110 2
409 266 2
409 307 2
411 217 2
412 157 2
414 42 2
414 277 2
414 455 2
415 386 2
416 193 2
419 8 2
419 86 2
422 67 2
422 408 2
423 189 2
423 229 2
423 445 2
425 123 2
429 259 2
429 295 2
432 339 2
437 365 2
438 88 2
439 464 2
441 172 2
442 277 2
443 130 2
444 203 2
447 443 2
448 421 2
452 151 2
453 26 2
454 112 2
461 5 2
65 136 3
76 230 3
80 177 3
184 447 3
199 421 3
208 57 3
255 191 3
276 214 3
298 374 3
394 56 3
